BALL;1;20.0;0.0;-80.0;0;10776;0.796875;0.796875;0.796875;10.0
IDLINE;2;4;2;98132 -> 197965;0.796875;0.796875;0.796875;2.5
BALL;2;60.0;0.0;-200.0;0;197965;0.796875;0.796875;0.796875;10.0
IDLINE;3;4;3;98132 -> 197973;0.796875;0.796875;0.796875;2.5
BALL;3;100.0;0.0;-200.0;0;197973;0.796875;0.796875;0.796875;10.0
IDLINE;4;6;4;44173 -> 98132;0.796875;0.796875;0.796875;2.5
BALL;4;80.0;0.0;-160.0;0;98132;0.796875;0.796875;0.796875;10.0
IDLINE;5;6;5;44173 -> 98475;0.796875;0.796875;0.796875;2.5
BALL;5;140.0;0.0;-160.0;0;98475;0.796875;0.796875;0.796875;10.0
BALL;6;110.0;0.0;-120.0;0;44173;0.796875;0.796875;0.796875;10.0
IDLINE;6;8;6;10814 -> 44173;0.796875;0.796875;0.796875;2.5
BALL;7;180.0;0.0;-120.0;0;44175;0.796875;0.796875;0.796875;10.0
IDLINE;7;8;7;10814 -> 44175;0.796875;0.796875;0.796875;2.5
BALL;8;145.0;0.0;-80.0;0;10814;0.796875;0.796875;0.796875;10.0
IDLINE;1;9;1;286 -> 10776;0.796875;0.796875;0.796875;2.5
BALL;9;82.0;0.0;-40.0;0;286;0.796875;0.796875;0.796875;10.0
IDLINE;8;9;8;286 -> 10814;0.796875;0.796875;0.796875;2.5
BALL;10;220.0;0.0;-520.0;0;202844;0.796875;0.796875;0.796875;10.0
BALL;11;260.0;0.0;-520.0;0;202852;0.796875;0.796875;0.796875;10.0
BALL;12;240.0;0.0;-480.0;0;103580;0.796875;0.796875;0.796875;10.0
IDLINE;10;12;10;103580 -> 202844;0.796875;0.796875;0.796875;2.5
IDLINE;11;12;11;103580 -> 202852;0.796875;0.796875;0.796875;2.5
BALL;13;300.0;0.0;-520.0;0;174806;0.796875;0.796875;0.796875;10.0
BALL;14;340.0;0.0;-520.0;0;174854;0.796875;0.796875;0.796875;10.0
BALL;15;320.0;0.0;-480.0;0;103810;0.796875;0.796875;0.796875;10.0
IDLINE;13;15;13;103810 -> 174806;0.796875;0.796875;0.796875;2.5
IDLINE;14;15;14;103810 -> 174854;0.796875;0.796875;0.796875;2.5
BALL;16;280.0;0.0;-440.0;0;68150;0.796875;0.796875;0.796875;10.0
IDLINE;12;16;12;68150 -> 103580;0.796875;0.796875;0.796875;2.5
IDLINE;15;16;15;68150 -> 103810;0.796875;0.796875;0.796875;2.5
BALL;17;380.0;0.0;-520.0;0;140567;0.796875;0.796875;0.796875;10.0
BALL;18;420.0;0.0;-520.0;0;140823;0.796875;0.796875;0.796875;10.0
BALL;19;400.0;0.0;-480.0;0;92840;0.796875;0.796875;0.796875;10.0
IDLINE;17;19;17;92840 -> 140567;0.796875;0.796875;0.796875;2.5
IDLINE;18;19;18;92840 -> 140823;0.796875;0.796875;0.796875;2.5
BALL;20;460.0;0.0;-480.0;0;93012;0.796875;0.796875;0.796875;10.0
BALL;21;430.0;0.0;-440.0;0;68190;0.796875;0.796875;0.796875;10.0
IDLINE;19;21;19;68190 -> 92840;0.796875;0.796875;0.796875;2.5
IDLINE;20;21;20;68190 -> 93012;0.796875;0.796875;0.796875;2.5
BALL;22;355.0;0.0;-400.0;0;49969;0.796875;0.796875;0.796875;10.0
IDLINE;16;22;16;49969 -> 68150;0.796875;0.796875;0.796875;2.5
IDLINE;21;22;21;49969 -> 68190;0.796875;0.796875;0.796875;2.5
BALL;23;500.0;0.0;-440.0;0;84956;0.796875;0.796875;0.796875;10.0
BALL;24;540.0;0.0;-480.0;0;154038;0.796875;0.796875;0.796875;10.0
BALL;25;580.0;0.0;-480.0;0;154054;0.796875;0.796875;0.796875;10.0
BALL;26;560.0;0.0;-440.0;0;85080;0.796875;0.796875;0.796875;10.0
IDLINE;24;26;24;85080 -> 154038;0.796875;0.796875;0.796875;2.5
IDLINE;25;26;25;85080 -> 154054;0.796875;0.796875;0.796875;2.5
BALL;27;530.0;0.0;-400.0;0;49972;0.796875;0.796875;0.796875;10.0
IDLINE;23;27;23;49972 -> 84956;0.796875;0.796875;0.796875;2.5
BALL;28;442.0;0.0;-360.0;0;35372;0.796875;0.796875;0.796875;10.0
IDLINE;26;27;26;49972 -> 85080;0.796875;0.796875;0.796875;2.5
IDLINE;22;28;22;35372 -> 49969;0.796875;0.796875;0.796875;2.5
IDLINE;27;28;27;35372 -> 49972;0.796875;0.796875;0.796875;2.5
BALL;29;620.0;0.0;-480.0;0;138132;0.796875;0.796875;0.796875;10.0
BALL;30;660.0;0.0;-480.0;0;138136;0.796875;0.796875;0.796875;10.0
BALL;31;640.0;0.0;-440.0;0;82130;0.796875;0.796875;0.796875;10.0
IDLINE;29;31;29;82130 -> 138132;0.796875;0.796875;0.796875;2.5
IDLINE;30;31;30;82130 -> 138136;0.796875;0.796875;0.796875;2.5
BALL;32;700.0;0.0;-480.0;0;210729;0.796875;0.796875;0.796875;10.0
BALL;33;740.0;0.0;-480.0;0;210737;0.796875;0.796875;0.796875;10.0
BALL;34;720.0;0.0;-440.0;0;82138;0.796875;0.796875;0.796875;10.0
IDLINE;32;34;32;82138 -> 210729;0.796875;0.796875;0.796875;2.5
IDLINE;33;34;33;82138 -> 210737;0.796875;0.796875;0.796875;2.5
BALL;35;680.0;0.0;-400.0;0;48565;0.796875;0.796875;0.796875;10.0
IDLINE;31;35;31;48565 -> 82130;0.796875;0.796875;0.796875;2.5
IDLINE;34;35;34;48565 -> 82138;0.796875;0.796875;0.796875;2.5
BALL;36;780.0;0.0;-520.0;0;154405;0.796875;0.796875;0.796875;10.0
BALL;37;820.0;0.0;-520.0;0;154497;0.796875;0.796875;0.796875;10.0
BALL;38;800.0;0.0;-480.0;0;94830;0.796875;0.796875;0.796875;10.0
IDLINE;36;38;36;94830 -> 154405;0.796875;0.796875;0.796875;2.5
IDLINE;37;38;37;94830 -> 154497;0.796875;0.796875;0.796875;2.5
BALL;39;860.0;0.0;-480.0;0;94854;0.796875;0.796875;0.796875;10.0
BALL;40;830.0;0.0;-440.0;0;65374;0.796875;0.796875;0.796875;10.0
IDLINE;38;40;38;65374 -> 94830;0.796875;0.796875;0.796875;2.5
IDLINE;39;40;39;65374 -> 94854;0.796875;0.796875;0.796875;2.5
BALL;41;900.0;0.0;-480.0;0;87954;0.796875;0.796875;0.796875;10.0
BALL;42;940.0;0.0;-520.0;0;132120;0.796875;0.796875;0.796875;10.0
BALL;43;980.0;0.0;-560.0;0;197324;0.796875;0.796875;0.796875;10.0
BALL;44;1020.0;0.0;-560.0;0;197328;0.796875;0.796875;0.796875;10.0
BALL;45;1000.0;0.0;-520.0;0;132488;0.796875;0.796875;0.796875;10.0
IDLINE;43;45;43;132488 -> 197324;0.796875;0.796875;0.796875;2.5
IDLINE;44;45;44;132488 -> 197328;0.796875;0.796875;0.796875;2.5
BALL;46;970.0;0.0;-480.0;0;87970;0.796875;0.796875;0.796875;10.0
IDLINE;42;46;42;87970 -> 132120;0.796875;0.796875;0.796875;2.5
IDLINE;45;46;45;87970 -> 132488;0.796875;0.796875;0.796875;2.5
BALL;47;935.0;0.0;-440.0;0;65429;0.796875;0.796875;0.796875;10.0
IDLINE;41;47;41;65429 -> 87954;0.796875;0.796875;0.796875;2.5
IDLINE;46;47;46;65429 -> 87970;0.796875;0.796875;0.796875;2.5
BALL;48;882.0;0.0;-400.0;0;48838;0.796875;0.796875;0.796875;10.0
IDLINE;40;48;40;48838 -> 65374;0.796875;0.796875;0.796875;2.5
IDLINE;47;48;47;48838 -> 65429;0.796875;0.796875;0.796875;2.5
BALL;49;781.0;0.0;-360.0;0;35519;0.796875;0.796875;0.796875;10.0
IDLINE;35;49;35;35519 -> 48565;0.796875;0.796875;0.796875;2.5
IDLINE;48;49;48;35519 -> 48838;0.796875;0.796875;0.796875;2.5
BALL;50;611.0;0.0;-320.0;0;25944;0.796875;0.796875;0.796875;10.0
IDLINE;28;50;28;25944 -> 35372;0.796875;0.796875;0.796875;2.5
IDLINE;49;50;49;25944 -> 35519;0.796875;0.796875;0.796875;2.5
BALL;51;1060.0;0.0;-400.0;0;115290;0.796875;0.796875;0.796875;10.0
BALL;52;1100.0;0.0;-400.0;0;115440;0.796875;0.796875;0.796875;10.0
BALL;53;1080.0;0.0;-360.0;0;58498;0.796875;0.796875;0.796875;10.0
IDLINE;51;53;51;58498 -> 115290;0.796875;0.796875;0.796875;2.5
IDLINE;52;53;52;58498 -> 115440;0.796875;0.796875;0.796875;2.5
BALL;54;1140.0;0.0;-440.0;0;160000;0.796875;0.796875;0.796875;10.0
BALL;55;1180.0;0.0;-440.0;0;160008;0.796875;0.796875;0.796875;10.0
BALL;56;1160.0;0.0;-400.0;0;92146;0.796875;0.796875;0.796875;10.0
IDLINE;54;56;54;92146 -> 160000;0.796875;0.796875;0.796875;2.5
IDLINE;55;56;55;92146 -> 160008;0.796875;0.796875;0.796875;2.5
BALL;57;1220.0;0.0;-400.0;0;92152;0.796875;0.796875;0.796875;10.0
BALL;58;1190.0;0.0;-360.0;0;58513;0.796875;0.796875;0.796875;10.0
IDLINE;56;58;56;58513 -> 92146;0.796875;0.796875;0.796875;2.5
BALL;59;1135.0;0.0;-320.0;0;25948;0.796875;0.796875;0.796875;10.0
IDLINE;57;58;57;58513 -> 92152;0.796875;0.796875;0.796875;2.5
IDLINE;53;59;53;25948 -> 58498;0.796875;0.796875;0.796875;2.5
IDLINE;58;59;58;25948 -> 58513;0.796875;0.796875;0.796875;2.5
BALL;60;873.0;0.0;-280.0;0;17587;0.796875;0.796875;0.796875;10.0
IDLINE;50;60;50;17587 -> 25944;0.796875;0.796875;0.796875;2.5
IDLINE;59;60;59;17587 -> 25948;0.796875;0.796875;0.796875;2.5
BALL;61;1260.0;0.0;-480.0;0;199993;0.796875;0.796875;0.796875;10.0
BALL;62;1300.0;0.0;-480.0;0;200087;0.796875;0.796875;0.796875;10.0
BALL;63;1280.0;0.0;-440.0;0;78176;0.796875;0.796875;0.796875;10.0
IDLINE;61;63;61;78176 -> 199993;0.796875;0.796875;0.796875;2.5
IDLINE;62;63;62;78176 -> 200087;0.796875;0.796875;0.796875;2.5
BALL;64;1340.0;0.0;-520.0;0;154961;0.796875;0.796875;0.796875;10.0
BALL;65;1380.0;0.0;-520.0;0;154981;0.796875;0.796875;0.796875;10.0
BALL;66;1360.0;0.0;-480.0;0;106716;0.796875;0.796875;0.796875;10.0
IDLINE;64;66;64;106716 -> 154961;0.796875;0.796875;0.796875;2.5
IDLINE;65;66;65;106716 -> 154981;0.796875;0.796875;0.796875;2.5
BALL;67;1420.0;0.0;-480.0;0;106773;0.796875;0.796875;0.796875;10.0
BALL;68;1390.0;0.0;-440.0;0;77859;0.796875;0.796875;0.796875;10.0
IDLINE;66;68;66;77859 -> 106716;0.796875;0.796875;0.796875;2.5
IDLINE;67;68;67;77859 -> 106773;0.796875;0.796875;0.796875;2.5
BALL;69;1335.0;0.0;-400.0;0;52571;0.796875;0.796875;0.796875;10.0
IDLINE;63;69;63;52571 -> 78176;0.796875;0.796875;0.796875;2.5
IDLINE;68;69;68;52571 -> 77859;0.796875;0.796875;0.796875;2.5
BALL;70;1460.0;0.0;-480.0;0;139824;0.796875;0.796875;0.796875;10.0
BALL;71;1500.0;0.0;-480.0;0;139832;0.796875;0.796875;0.796875;10.0
BALL;72;1480.0;0.0;-440.0;0;83485;0.796875;0.796875;0.796875;10.0
IDLINE;70;72;70;83485 -> 139824;0.796875;0.796875;0.796875;2.5
IDLINE;71;72;71;83485 -> 139832;0.796875;0.796875;0.796875;2.5
BALL;73;1540.0;0.0;-480.0;0;177939;0.796875;0.796875;0.796875;10.0
BALL;74;1580.0;0.0;-480.0;0;177997;0.796875;0.796875;0.796875;10.0
BALL;75;1560.0;0.0;-440.0;0;83724;0.796875;0.796875;0.796875;10.0
IDLINE;73;75;73;83724 -> 177939;0.796875;0.796875;0.796875;2.5
IDLINE;74;75;74;83724 -> 177997;0.796875;0.796875;0.796875;2.5
BALL;76;1520.0;0.0;-400.0;0;52575;0.796875;0.796875;0.796875;10.0
IDLINE;72;76;72;52575 -> 83485;0.796875;0.796875;0.796875;2.5
IDLINE;75;76;75;52575 -> 83724;0.796875;0.796875;0.796875;2.5
BALL;77;1427.0;0.0;-360.0;0;34560;0.796875;0.796875;0.796875;10.0
IDLINE;69;77;69;34560 -> 52571;0.796875;0.796875;0.796875;2.5
IDLINE;76;77;76;34560 -> 52575;0.796875;0.796875;0.796875;2.5
BALL;78;1620.0;0.0;-560.0;0;207334;0.796875;0.796875;0.796875;10.0
BALL;79;1660.0;0.0;-560.0;0;207443;0.796875;0.796875;0.796875;10.0
BALL;80;1640.0;0.0;-520.0;0;144022;0.796875;0.796875;0.796875;10.0
IDLINE;78;80;78;144022 -> 207334;0.796875;0.796875;0.796875;2.5
IDLINE;79;80;79;144022 -> 207443;0.796875;0.796875;0.796875;2.5
BALL;81;1700.0;0.0;-520.0;0;144549;0.796875;0.796875;0.796875;10.0
BALL;82;1670.0;0.0;-480.0;0;97572;0.796875;0.796875;0.796875;10.0
IDLINE;80;82;80;97572 -> 144022;0.796875;0.796875;0.796875;2.5
IDLINE;81;82;81;97572 -> 144549;0.796875;0.796875;0.796875;2.5
BALL;83;1740.0;0.0;-480.0;0;97641;0.796875;0.796875;0.796875;10.0
BALL;84;1705.0;0.0;-440.0;0;64473;0.796875;0.796875;0.796875;10.0
IDLINE;82;84;82;64473 -> 97572;0.796875;0.796875;0.796875;2.5
IDLINE;83;84;83;64473 -> 97641;0.796875;0.796875;0.796875;2.5
BALL;85;1780.0;0.0;-560.0;0;186508;0.796875;0.796875;0.796875;10.0
BALL;86;1820.0;0.0;-560.0;0;186741;0.796875;0.796875;0.796875;10.0
BALL;87;1800.0;0.0;-520.0;0;130293;0.796875;0.796875;0.796875;10.0
IDLINE;85;87;85;130293 -> 186508;0.796875;0.796875;0.796875;2.5
IDLINE;86;87;86;130293 -> 186741;0.796875;0.796875;0.796875;2.5
BALL;88;1860.0;0.0;-520.0;0;130305;0.796875;0.796875;0.796875;10.0
BALL;89;1830.0;0.0;-480.0;0;93807;0.796875;0.796875;0.796875;10.0
IDLINE;87;89;87;93807 -> 130293;0.796875;0.796875;0.796875;2.5
BALL;90;1900.0;0.0;-480.0;0;93747;0.796875;0.796875;0.796875;10.0
IDLINE;88;89;88;93807 -> 130305;0.796875;0.796875;0.796875;2.5
BALL;91;1865.0;0.0;-440.0;0;64499;0.796875;0.796875;0.796875;10.0
IDLINE;89;91;89;64499 -> 93807;0.796875;0.796875;0.796875;2.5
IDLINE;90;91;90;64499 -> 93747;0.796875;0.796875;0.796875;2.5
BALL;92;1785.0;0.0;-400.0;0;46589;0.796875;0.796875;0.796875;10.0
IDLINE;84;92;84;46589 -> 64473;0.796875;0.796875;0.796875;2.5
IDLINE;91;92;91;46589 -> 64499;0.796875;0.796875;0.796875;2.5
BALL;93;1940.0;0.0;-480.0;0;119232;0.796875;0.796875;0.796875;10.0
BALL;94;1980.0;0.0;-480.0;0;119264;0.796875;0.796875;0.796875;10.0
BALL;95;1960.0;0.0;-440.0;0;65987;0.796875;0.796875;0.796875;10.0
IDLINE;93;95;93;65987 -> 119232;0.796875;0.796875;0.796875;2.5
IDLINE;94;95;94;65987 -> 119264;0.796875;0.796875;0.796875;2.5
BALL;96;2020.0;0.0;-520.0;0;150309;0.796875;0.796875;0.796875;10.0
BALL;97;2060.0;0.0;-520.0;0;150329;0.796875;0.796875;0.796875;10.0
BALL;98;2040.0;0.0;-480.0;0;99168;0.796875;0.796875;0.796875;10.0
IDLINE;96;98;96;99168 -> 150309;0.796875;0.796875;0.796875;2.5
IDLINE;97;98;97;99168 -> 150329;0.796875;0.796875;0.796875;2.5
BALL;99;2100.0;0.0;-520.0;0;182207;0.796875;0.796875;0.796875;10.0
BALL;100;2140.0;0.0;-520.0;0;182254;0.796875;0.796875;0.796875;10.0
BALL;101;2120.0;0.0;-480.0;0;99174;0.796875;0.796875;0.796875;10.0
IDLINE;99;101;99;99174 -> 182207;0.796875;0.796875;0.796875;2.5
IDLINE;100;101;100;99174 -> 182254;0.796875;0.796875;0.796875;2.5
BALL;102;2080.0;0.0;-440.0;0;65752;0.796875;0.796875;0.796875;10.0
IDLINE;98;102;98;65752 -> 99168;0.796875;0.796875;0.796875;2.5
BALL;103;2020.0;0.0;-400.0;0;46593;0.796875;0.796875;0.796875;10.0
IDLINE;101;102;101;65752 -> 99174;0.796875;0.796875;0.796875;2.5
IDLINE;95;103;95;46593 -> 65987;0.796875;0.796875;0.796875;2.5
BALL;104;1902.0;0.0;-360.0;0;34479;0.796875;0.796875;0.796875;10.0
IDLINE;102;103;102;46593 -> 65752;0.796875;0.796875;0.796875;2.5
IDLINE;92;104;92;34479 -> 46589;0.796875;0.796875;0.796875;2.5
BALL;105;1664.0;0.0;-320.0;0;24832;0.796875;0.796875;0.796875;10.0
IDLINE;103;104;103;34479 -> 46593;0.796875;0.796875;0.796875;2.5
IDLINE;77;105;77;24832 -> 34560;0.796875;0.796875;0.796875;2.5
IDLINE;104;105;104;24832 -> 34479;0.796875;0.796875;0.796875;2.5
BALL;106;2180.0;0.0;-360.0;0;66564;0.796875;0.796875;0.796875;10.0
BALL;107;2220.0;0.0;-400.0;0;189986;0.796875;0.796875;0.796875;10.0
BALL;108;2260.0;0.0;-400.0;0;190324;0.796875;0.796875;0.796875;10.0
BALL;109;2240.0;0.0;-360.0;0;66770;0.796875;0.796875;0.796875;10.0
IDLINE;107;109;107;66770 -> 189986;0.796875;0.796875;0.796875;2.5
IDLINE;108;109;108;66770 -> 190324;0.796875;0.796875;0.796875;2.5
BALL;110;2210.0;0.0;-320.0;0;24700;0.796875;0.796875;0.796875;10.0
IDLINE;106;110;106;24700 -> 66564;0.796875;0.796875;0.796875;2.5
IDLINE;109;110;109;24700 -> 66770;0.796875;0.796875;0.796875;2.5
BALL;111;1937.0;0.0;-280.0;0;17472;0.796875;0.796875;0.796875;10.0
IDLINE;105;111;105;17472 -> 24832;0.796875;0.796875;0.796875;2.5
BALL;112;1405.0;0.0;-240.0;0;12477;0.796875;0.796875;0.796875;10.0
IDLINE;110;111;110;17472 -> 24700;0.796875;0.796875;0.796875;2.5
IDLINE;60;112;60;12477 -> 17587;0.796875;0.796875;0.796875;2.5
IDLINE;111;112;111;12477 -> 17472;0.796875;0.796875;0.796875;2.5
BALL;113;2300.0;0.0;-480.0;0;163602;0.796875;0.796875;0.796875;10.0
BALL;114;2340.0;0.0;-480.0;0;163606;0.796875;0.796875;0.796875;10.0
BALL;115;2320.0;0.0;-440.0;0;82582;0.796875;0.796875;0.796875;10.0
IDLINE;113;115;113;82582 -> 163602;0.796875;0.796875;0.796875;2.5
IDLINE;114;115;114;82582 -> 163606;0.796875;0.796875;0.796875;2.5
BALL;116;2380.0;0.0;-520.0;0;181412;0.796875;0.796875;0.796875;10.0
BALL;117;2420.0;0.0;-520.0;0;181839;0.796875;0.796875;0.796875;10.0
BALL;118;2400.0;0.0;-480.0;0;113546;0.796875;0.796875;0.796875;10.0
IDLINE;116;118;116;113546 -> 181412;0.796875;0.796875;0.796875;2.5
IDLINE;117;118;117;113546 -> 181839;0.796875;0.796875;0.796875;2.5
BALL;119;2460.0;0.0;-520.0;0;177888;0.796875;0.796875;0.796875;10.0
BALL;120;2500.0;0.0;-520.0;0;178502;0.796875;0.796875;0.796875;10.0
BALL;121;2480.0;0.0;-480.0;0;113651;0.796875;0.796875;0.796875;10.0
IDLINE;119;121;119;113651 -> 177888;0.796875;0.796875;0.796875;2.5
IDLINE;120;121;120;113651 -> 178502;0.796875;0.796875;0.796875;2.5
BALL;122;2440.0;0.0;-440.0;0;82712;0.796875;0.796875;0.796875;10.0
IDLINE;118;122;118;82712 -> 113546;0.796875;0.796875;0.796875;2.5
IDLINE;121;122;121;82712 -> 113651;0.796875;0.796875;0.796875;2.5
BALL;123;2380.0;0.0;-400.0;0;55134;0.796875;0.796875;0.796875;10.0
IDLINE;115;123;115;55134 -> 82582;0.796875;0.796875;0.796875;2.5
IDLINE;122;123;122;55134 -> 82712;0.796875;0.796875;0.796875;2.5
BALL;124;2540.0;0.0;-480.0;0;162315;0.796875;0.796875;0.796875;10.0
BALL;125;2580.0;0.0;-480.0;0;162316;0.796875;0.796875;0.796875;10.0
BALL;126;2560.0;0.0;-440.0;0;77121;0.796875;0.796875;0.796875;10.0
IDLINE;124;126;124;77121 -> 162315;0.796875;0.796875;0.796875;2.5
IDLINE;125;126;125;77121 -> 162316;0.796875;0.796875;0.796875;2.5
BALL;127;2620.0;0.0;-560.0;0;209185;0.796875;0.796875;0.796875;10.0
BALL;128;2660.0;0.0;-560.0;0;209319;0.796875;0.796875;0.796875;10.0
BALL;129;2640.0;0.0;-520.0;0;150195;0.796875;0.796875;0.796875;10.0
IDLINE;127;129;127;150195 -> 209185;0.796875;0.796875;0.796875;2.5
IDLINE;128;129;128;150195 -> 209319;0.796875;0.796875;0.796875;2.5
BALL;130;2700.0;0.0;-520.0;0;150261;0.796875;0.796875;0.796875;10.0
BALL;131;2670.0;0.0;-480.0;0;107723;0.796875;0.796875;0.796875;10.0
IDLINE;129;131;129;107723 -> 150195;0.796875;0.796875;0.796875;2.5
IDLINE;130;131;130;107723 -> 150261;0.796875;0.796875;0.796875;2.5
BALL;132;2740.0;0.0;-480.0;0;108221;0.796875;0.796875;0.796875;10.0
BALL;133;2705.0;0.0;-440.0;0;77150;0.796875;0.796875;0.796875;10.0
IDLINE;131;133;131;77150 -> 107723;0.796875;0.796875;0.796875;2.5
IDLINE;132;133;132;77150 -> 108221;0.796875;0.796875;0.796875;2.5
BALL;134;2632.0;0.0;-400.0;0;55325;0.796875;0.796875;0.796875;10.0
IDLINE;126;134;126;55325 -> 77121;0.796875;0.796875;0.796875;2.5
BALL;135;2506.0;0.0;-360.0;0;40193;0.796875;0.796875;0.796875;10.0
IDLINE;133;134;133;55325 -> 77150;0.796875;0.796875;0.796875;2.5
IDLINE;123;135;123;40193 -> 55134;0.796875;0.796875;0.796875;2.5
IDLINE;134;135;134;40193 -> 55325;0.796875;0.796875;0.796875;2.5
BALL;136;2780.0;0.0;-440.0;0;170334;0.796875;0.796875;0.796875;10.0
BALL;137;2820.0;0.0;-440.0;0;170532;0.796875;0.796875;0.796875;10.0
BALL;138;2800.0;0.0;-400.0;0;83936;0.796875;0.796875;0.796875;10.0
IDLINE;136;138;136;83936 -> 170334;0.796875;0.796875;0.796875;2.5
IDLINE;137;138;137;83936 -> 170532;0.796875;0.796875;0.796875;2.5
BALL;139;2860.0;0.0;-400.0;0;84240;0.796875;0.796875;0.796875;10.0
BALL;140;2830.0;0.0;-360.0;0;39987;0.796875;0.796875;0.796875;10.0
IDLINE;138;140;138;39987 -> 83936;0.796875;0.796875;0.796875;2.5
BALL;141;2668.0;0.0;-320.0;0;27096;0.796875;0.796875;0.796875;10.0
IDLINE;139;140;139;39987 -> 84240;0.796875;0.796875;0.796875;2.5
IDLINE;135;141;135;27096 -> 40193;0.796875;0.796875;0.796875;2.5
IDLINE;140;141;140;27096 -> 39987;0.796875;0.796875;0.796875;2.5
BALL;142;2900.0;0.0;-360.0;0;44517;0.796875;0.796875;0.796875;10.0
BALL;143;2940.0;0.0;-440.0;0;166034;0.796875;0.796875;0.796875;10.0
BALL;144;2980.0;0.0;-440.0;0;166119;0.796875;0.796875;0.796875;10.0
BALL;145;2960.0;0.0;-400.0;0;62353;0.796875;0.796875;0.796875;10.0
IDLINE;143;145;143;62353 -> 166034;0.796875;0.796875;0.796875;2.5
IDLINE;144;145;144;62353 -> 166119;0.796875;0.796875;0.796875;2.5
BALL;146;3020.0;0.0;-480.0;0;121300;0.796875;0.796875;0.796875;10.0
BALL;147;3060.0;0.0;-520.0;0;172813;0.796875;0.796875;0.796875;10.0
BALL;148;3100.0;0.0;-520.0;0;172875;0.796875;0.796875;0.796875;10.0
BALL;149;3080.0;0.0;-480.0;0;121304;0.796875;0.796875;0.796875;10.0
IDLINE;147;149;147;121304 -> 172813;0.796875;0.796875;0.796875;2.5
IDLINE;148;149;148;121304 -> 172875;0.796875;0.796875;0.796875;2.5
BALL;150;3050.0;0.0;-440.0;0;84760;0.796875;0.796875;0.796875;10.0
IDLINE;146;150;146;84760 -> 121300;0.796875;0.796875;0.796875;2.5
IDLINE;149;150;149;84760 -> 121304;0.796875;0.796875;0.796875;2.5
BALL;151;3140.0;0.0;-480.0;0;132615;0.796875;0.796875;0.796875;10.0
BALL;152;3180.0;0.0;-480.0;0;132631;0.796875;0.796875;0.796875;10.0
BALL;153;3160.0;0.0;-440.0;0;84990;0.796875;0.796875;0.796875;10.0
IDLINE;151;153;151;84990 -> 132615;0.796875;0.796875;0.796875;2.5
IDLINE;152;153;152;84990 -> 132631;0.796875;0.796875;0.796875;2.5
BALL;154;3105.0;0.0;-400.0;0;62494;0.796875;0.796875;0.796875;10.0
IDLINE;150;154;150;62494 -> 84760;0.796875;0.796875;0.796875;2.5
BALL;155;3032.0;0.0;-360.0;0;44455;0.796875;0.796875;0.796875;10.0
IDLINE;153;154;153;62494 -> 84990;0.796875;0.796875;0.796875;2.5
BALL;156;2966.0;0.0;-320.0;0;27162;0.796875;0.796875;0.796875;10.0
IDLINE;145;155;145;44455 -> 62353;0.796875;0.796875;0.796875;2.5
BALL;157;2817.0;0.0;-280.0;0;18675;0.796875;0.796875;0.796875;10.0
IDLINE;154;155;154;44455 -> 62494;0.796875;0.796875;0.796875;2.5
IDLINE;142;156;142;27162 -> 44517;0.796875;0.796875;0.796875;2.5
IDLINE;155;156;155;27162 -> 44455;0.796875;0.796875;0.796875;2.5
IDLINE;141;157;141;18675 -> 27096;0.796875;0.796875;0.796875;2.5
IDLINE;156;157;156;18675 -> 27162;0.796875;0.796875;0.796875;2.5
BALL;158;3220.0;0.0;-440.0;0;135740;0.796875;0.796875;0.796875;10.0
BALL;159;3260.0;0.0;-440.0;0;135811;0.796875;0.796875;0.796875;10.0
BALL;160;3240.0;0.0;-400.0;0;63802;0.796875;0.796875;0.796875;10.0
IDLINE;158;160;158;63802 -> 135740;0.796875;0.796875;0.796875;2.5
IDLINE;159;160;159;63802 -> 135811;0.796875;0.796875;0.796875;2.5
BALL;161;3300.0;0.0;-440.0;0;95103;0.796875;0.796875;0.796875;10.0
BALL;162;3340.0;0.0;-520.0;0;194144;0.796875;0.796875;0.796875;10.0
BALL;163;3380.0;0.0;-520.0;0;194146;0.796875;0.796875;0.796875;10.0
BALL;164;3360.0;0.0;-480.0;0;136150;0.796875;0.796875;0.796875;10.0
IDLINE;162;164;162;136150 -> 194144;0.796875;0.796875;0.796875;2.5
IDLINE;163;164;163;136150 -> 194146;0.796875;0.796875;0.796875;2.5
BALL;165;3420.0;0.0;-480.0;0;136242;0.796875;0.796875;0.796875;10.0
BALL;166;3390.0;0.0;-440.0;0;95541;0.796875;0.796875;0.796875;10.0
IDLINE;164;166;164;95541 -> 136150;0.796875;0.796875;0.796875;2.5
IDLINE;165;166;165;95541 -> 136242;0.796875;0.796875;0.796875;2.5
BALL;167;3345.0;0.0;-400.0;0;63806;0.796875;0.796875;0.796875;10.0
IDLINE;161;167;161;63806 -> 95103;0.796875;0.796875;0.796875;2.5
BALL;168;3292.0;0.0;-360.0;0;42535;0.796875;0.796875;0.796875;10.0
IDLINE;166;167;166;63806 -> 95541;0.796875;0.796875;0.796875;2.5
IDLINE;160;168;160;42535 -> 63802;0.796875;0.796875;0.796875;2.5
IDLINE;167;168;167;42535 -> 63806;0.796875;0.796875;0.796875;2.5
BALL;169;3460.0;0.0;-480.0;0;206553;0.796875;0.796875;0.796875;10.0
BALL;170;3500.0;0.0;-480.0;0;207076;0.796875;0.796875;0.796875;10.0
BALL;171;3480.0;0.0;-440.0;0;96557;0.796875;0.796875;0.796875;10.0
IDLINE;169;171;169;96557 -> 206553;0.796875;0.796875;0.796875;2.5
IDLINE;170;171;170;96557 -> 207076;0.796875;0.796875;0.796875;2.5
BALL;172;3540.0;0.0;-480.0;0;153965;0.796875;0.796875;0.796875;10.0
BALL;173;3580.0;0.0;-480.0;0;153977;0.796875;0.796875;0.796875;10.0
BALL;174;3560.0;0.0;-440.0;0;97030;0.796875;0.796875;0.796875;10.0
IDLINE;172;174;172;97030 -> 153965;0.796875;0.796875;0.796875;2.5
IDLINE;173;174;173;97030 -> 153977;0.796875;0.796875;0.796875;2.5
BALL;175;3520.0;0.0;-400.0;0;59035;0.796875;0.796875;0.796875;10.0
IDLINE;171;175;171;59035 -> 96557;0.796875;0.796875;0.796875;2.5
IDLINE;174;175;174;59035 -> 97030;0.796875;0.796875;0.796875;2.5
BALL;176;3620.0;0.0;-480.0;0;142419;0.796875;0.796875;0.796875;10.0
BALL;177;3660.0;0.0;-480.0;0;142423;0.796875;0.796875;0.796875;10.0
BALL;178;3640.0;0.0;-440.0;0;92169;0.796875;0.796875;0.796875;10.0
IDLINE;176;178;176;92169 -> 142419;0.796875;0.796875;0.796875;2.5
IDLINE;177;178;177;92169 -> 142423;0.796875;0.796875;0.796875;2.5
BALL;179;3700.0;0.0;-480.0;0;173193;0.796875;0.796875;0.796875;10.0
BALL;180;3740.0;0.0;-480.0;0;173723;0.796875;0.796875;0.796875;10.0
BALL;181;3720.0;0.0;-440.0;0;92615;0.796875;0.796875;0.796875;10.0
IDLINE;179;181;179;92615 -> 173193;0.796875;0.796875;0.796875;2.5
IDLINE;180;181;180;92615 -> 173723;0.796875;0.796875;0.796875;2.5
BALL;182;3680.0;0.0;-400.0;0;59043;0.796875;0.796875;0.796875;10.0
IDLINE;178;182;178;59043 -> 92169;0.796875;0.796875;0.796875;2.5
BALL;183;3600.0;0.0;-360.0;0;42610;0.796875;0.796875;0.796875;10.0
IDLINE;181;182;181;59043 -> 92615;0.796875;0.796875;0.796875;2.5
IDLINE;175;183;175;42610 -> 59035;0.796875;0.796875;0.796875;2.5
BALL;184;3446.0;0.0;-320.0;0;29034;0.796875;0.796875;0.796875;10.0
IDLINE;182;183;182;42610 -> 59043;0.796875;0.796875;0.796875;2.5
IDLINE;168;184;168;29034 -> 42535;0.796875;0.796875;0.796875;2.5
IDLINE;183;184;183;29034 -> 42610;0.796875;0.796875;0.796875;2.5
BALL;185;3780.0;0.0;-400.0;0;129138;0.796875;0.796875;0.796875;10.0
BALL;186;3820.0;0.0;-400.0;0;129670;0.796875;0.796875;0.796875;10.0
BALL;187;3800.0;0.0;-360.0;0;51813;0.796875;0.796875;0.796875;10.0
IDLINE;185;187;185;51813 -> 129138;0.796875;0.796875;0.796875;2.5
IDLINE;186;187;186;51813 -> 129670;0.796875;0.796875;0.796875;2.5
BALL;188;3860.0;0.0;-400.0;0;85704;0.796875;0.796875;0.796875;10.0
BALL;189;3900.0;0.0;-440.0;0;131104;0.796875;0.796875;0.796875;10.0
BALL;190;3940.0;0.0;-440.0;0;131112;0.796875;0.796875;0.796875;10.0
BALL;191;3920.0;0.0;-400.0;0;85716;0.796875;0.796875;0.796875;10.0
IDLINE;189;191;189;85716 -> 131104;0.796875;0.796875;0.796875;2.5
IDLINE;190;191;190;85716 -> 131112;0.796875;0.796875;0.796875;2.5
BALL;192;3890.0;0.0;-360.0;0;51802;0.796875;0.796875;0.796875;10.0
IDLINE;188;192;188;51802 -> 85704;0.796875;0.796875;0.796875;2.5
BALL;193;3845.0;0.0;-320.0;0;29022;0.796875;0.796875;0.796875;10.0
IDLINE;191;192;191;51802 -> 85716;0.796875;0.796875;0.796875;2.5
BALL;194;3645.0;0.0;-280.0;0;18659;0.796875;0.796875;0.796875;10.0
IDLINE;187;193;187;29022 -> 51813;0.796875;0.796875;0.796875;2.5
BALL;195;3231.0;0.0;-240.0;0;12436;0.796875;0.796875;0.796875;10.0
IDLINE;192;193;192;29022 -> 51802;0.796875;0.796875;0.796875;2.5
BALL;196;2318.0;0.0;-200.0;0;8883;0.796875;0.796875;0.796875;10.0
IDLINE;184;194;184;18659 -> 29034;0.796875;0.796875;0.796875;2.5
IDLINE;193;194;193;18659 -> 29022;0.796875;0.796875;0.796875;2.5
IDLINE;157;195;157;12436 -> 18675;0.796875;0.796875;0.796875;2.5
IDLINE;194;195;194;12436 -> 18659;0.796875;0.796875;0.796875;2.5
BALL;197;3980.0;0.0;-280.0;0;188694;0.796875;0.796875;0.796875;10.0
IDLINE;112;196;112;8883 -> 12477;0.796875;0.796875;0.796875;2.5
BALL;198;4020.0;0.0;-280.0;0;189095;0.796875;0.796875;0.796875;10.0
IDLINE;195;196;195;8883 -> 12436;0.796875;0.796875;0.796875;2.5
BALL;199;4000.0;0.0;-240.0;0;64601;0.796875;0.796875;0.796875;10.0
IDLINE;197;199;197;64601 -> 188694;0.796875;0.796875;0.796875;2.5
IDLINE;198;199;198;64601 -> 189095;0.796875;0.796875;0.796875;2.5
BALL;200;4060.0;0.0;-280.0;0;162666;0.796875;0.796875;0.796875;10.0
BALL;201;4100.0;0.0;-280.0;0;162693;0.796875;0.796875;0.796875;10.0
BALL;202;4080.0;0.0;-240.0;0;64625;0.796875;0.796875;0.796875;10.0
IDLINE;200;202;200;64625 -> 162666;0.796875;0.796875;0.796875;2.5
IDLINE;201;202;201;64625 -> 162693;0.796875;0.796875;0.796875;2.5
BALL;203;4040.0;0.0;-200.0;0;8841;0.796875;0.796875;0.796875;10.0
IDLINE;199;203;199;8841 -> 64601;0.796875;0.796875;0.796875;2.5
BALL;204;3179.0;0.0;-160.0;0;5804;0.796875;0.796875;0.796875;10.0
IDLINE;202;203;202;8841 -> 64625;0.796875;0.796875;0.796875;2.5
IDLINE;196;204;196;5804 -> 8883;0.796875;0.796875;0.796875;2.5
IDLINE;203;204;203;5804 -> 8841;0.796875;0.796875;0.796875;2.5
BALL;205;4140.0;0.0;-280.0;0;136646;0.796875;0.796875;0.796875;10.0
BALL;206;4180.0;0.0;-280.0;0;136673;0.796875;0.796875;0.796875;10.0
BALL;207;4160.0;0.0;-240.0;0;46078;0.796875;0.796875;0.796875;10.0
IDLINE;205;207;205;46078 -> 136646;0.796875;0.796875;0.796875;2.5
IDLINE;206;207;206;46078 -> 136673;0.796875;0.796875;0.796875;2.5
BALL;208;4220.0;0.0;-280.0;0;129023;0.796875;0.796875;0.796875;10.0
BALL;209;4260.0;0.0;-280.0;0;129025;0.796875;0.796875;0.796875;10.0
BALL;210;4240.0;0.0;-240.0;0;46081;0.796875;0.796875;0.796875;10.0
IDLINE;208;210;208;46081 -> 129023;0.796875;0.796875;0.796875;2.5
IDLINE;209;210;209;46081 -> 129025;0.796875;0.796875;0.796875;2.5
BALL;211;4200.0;0.0;-200.0;0;13878;0.796875;0.796875;0.796875;10.0
IDLINE;207;211;207;13878 -> 46078;0.796875;0.796875;0.796875;2.5
IDLINE;210;211;210;13878 -> 46081;0.796875;0.796875;0.796875;2.5
BALL;212;4300.0;0.0;-400.0;0;157330;0.796875;0.796875;0.796875;10.0
BALL;213;4340.0;0.0;-400.0;0;157334;0.796875;0.796875;0.796875;10.0
BALL;214;4320.0;0.0;-360.0;0;81450;0.796875;0.796875;0.796875;10.0
IDLINE;212;214;212;81450 -> 157330;0.796875;0.796875;0.796875;2.5
IDLINE;213;214;213;81450 -> 157334;0.796875;0.796875;0.796875;2.5
BALL;215;4380.0;0.0;-400.0;0;191464;0.796875;0.796875;0.796875;10.0
BALL;216;4420.0;0.0;-400.0;0;191468;0.796875;0.796875;0.796875;10.0
BALL;217;4400.0;0.0;-360.0;0;81581;0.796875;0.796875;0.796875;10.0
IDLINE;215;217;215;81581 -> 191464;0.796875;0.796875;0.796875;2.5
IDLINE;216;217;216;81581 -> 191468;0.796875;0.796875;0.796875;2.5
BALL;218;4360.0;0.0;-320.0;0;43947;0.796875;0.796875;0.796875;10.0
IDLINE;214;218;214;43947 -> 81450;0.796875;0.796875;0.796875;2.5
IDLINE;217;218;217;43947 -> 81581;0.796875;0.796875;0.796875;2.5
BALL;219;4460.0;0.0;-400.0;0;103062;0.796875;0.796875;0.796875;10.0
BALL;220;4500.0;0.0;-440.0;0;195560;0.796875;0.796875;0.796875;10.0
BALL;221;4540.0;0.0;-440.0;0;195572;0.796875;0.796875;0.796875;10.0
BALL;222;4520.0;0.0;-400.0;0;103070;0.796875;0.796875;0.796875;10.0
IDLINE;220;222;220;103070 -> 195560;0.796875;0.796875;0.796875;2.5
IDLINE;221;222;221;103070 -> 195572;0.796875;0.796875;0.796875;2.5
BALL;223;4490.0;0.0;-360.0;0;61286;0.796875;0.796875;0.796875;10.0
IDLINE;219;223;219;61286 -> 103062;0.796875;0.796875;0.796875;2.5
IDLINE;222;223;222;61286 -> 103070;0.796875;0.796875;0.796875;2.5
BALL;224;4580.0;0.0;-440.0;0;147064;0.796875;0.796875;0.796875;10.0
BALL;225;4620.0;0.0;-440.0;0;147074;0.796875;0.796875;0.796875;10.0
BALL;226;4600.0;0.0;-400.0;0;87185;0.796875;0.796875;0.796875;10.0
IDLINE;224;226;224;87185 -> 147064;0.796875;0.796875;0.796875;2.5
IDLINE;225;226;225;87185 -> 147074;0.796875;0.796875;0.796875;2.5
BALL;227;4660.0;0.0;-440.0;0;140882;0.796875;0.796875;0.796875;10.0
BALL;228;4700.0;0.0;-440.0;0;140884;0.796875;0.796875;0.796875;10.0
BALL;229;4680.0;0.0;-400.0;0;87179;0.796875;0.796875;0.796875;10.0
IDLINE;227;229;227;87179 -> 140882;0.796875;0.796875;0.796875;2.5
IDLINE;228;229;228;87179 -> 140884;0.796875;0.796875;0.796875;2.5
BALL;230;4640.0;0.0;-360.0;0;61292;0.796875;0.796875;0.796875;10.0
IDLINE;226;230;226;61292 -> 87185;0.796875;0.796875;0.796875;2.5
IDLINE;229;230;229;61292 -> 87179;0.796875;0.796875;0.796875;2.5
BALL;231;4565.0;0.0;-320.0;0;43772;0.796875;0.796875;0.796875;10.0
IDLINE;223;231;223;43772 -> 61286;0.796875;0.796875;0.796875;2.5
IDLINE;230;231;230;43772 -> 61292;0.796875;0.796875;0.796875;2.5
BALL;232;4462.0;0.0;-280.0;0;29673;0.796875;0.796875;0.796875;10.0
IDLINE;218;232;218;29673 -> 43947;0.796875;0.796875;0.796875;2.5
IDLINE;231;232;231;29673 -> 43772;0.796875;0.796875;0.796875;2.5
BALL;233;4740.0;0.0;-360.0;0;69816;0.796875;0.796875;0.796875;10.0
BALL;234;4780.0;0.0;-400.0;0;121764;0.796875;0.796875;0.796875;10.0
BALL;235;4820.0;0.0;-400.0;0;122036;0.796875;0.796875;0.796875;10.0
BALL;236;4800.0;0.0;-360.0;0;70160;0.796875;0.796875;0.796875;10.0
IDLINE;234;236;234;70160 -> 121764;0.796875;0.796875;0.796875;2.5
IDLINE;235;236;235;70160 -> 122036;0.796875;0.796875;0.796875;2.5
BALL;237;4770.0;0.0;-320.0;0;43172;0.796875;0.796875;0.796875;10.0
IDLINE;233;237;233;43172 -> 69816;0.796875;0.796875;0.796875;2.5
IDLINE;236;237;236;43172 -> 70160;0.796875;0.796875;0.796875;2.5
BALL;238;4860.0;0.0;-440.0;0;162381;0.796875;0.796875;0.796875;10.0
BALL;239;4900.0;0.0;-440.0;0;162643;0.796875;0.796875;0.796875;10.0
BALL;240;4880.0;0.0;-400.0;0;95008;0.796875;0.796875;0.796875;10.0
IDLINE;238;240;238;95008 -> 162381;0.796875;0.796875;0.796875;2.5
IDLINE;239;240;239;95008 -> 162643;0.796875;0.796875;0.796875;2.5
BALL;241;4940.0;0.0;-440.0;0;157750;0.796875;0.796875;0.796875;10.0
BALL;242;4980.0;0.0;-440.0;0;157754;0.796875;0.796875;0.796875;10.0
BALL;243;4960.0;0.0;-400.0;0;95004;0.796875;0.796875;0.796875;10.0
IDLINE;241;243;241;95004 -> 157750;0.796875;0.796875;0.796875;2.5
BALL;244;4920.0;0.0;-360.0;0;66999;0.796875;0.796875;0.796875;10.0
IDLINE;242;243;242;95004 -> 157754;0.796875;0.796875;0.796875;2.5
IDLINE;240;244;240;66999 -> 95008;0.796875;0.796875;0.796875;2.5
IDLINE;243;244;243;66999 -> 95004;0.796875;0.796875;0.796875;2.5
BALL;245;5020.0;0.0;-400.0;0;127673;0.796875;0.796875;0.796875;10.0
BALL;246;5060.0;0.0;-400.0;0;127697;0.796875;0.796875;0.796875;10.0
BALL;247;5040.0;0.0;-360.0;0;66995;0.796875;0.796875;0.796875;10.0
IDLINE;245;247;245;66995 -> 127673;0.796875;0.796875;0.796875;2.5
IDLINE;246;247;246;66995 -> 127697;0.796875;0.796875;0.796875;2.5
BALL;248;4980.0;0.0;-320.0;0;43180;0.796875;0.796875;0.796875;10.0
IDLINE;244;248;244;43180 -> 66999;0.796875;0.796875;0.796875;2.5
BALL;249;4875.0;0.0;-280.0;0;29681;0.796875;0.796875;0.796875;10.0
IDLINE;247;248;247;43180 -> 66995;0.796875;0.796875;0.796875;2.5
IDLINE;237;249;237;29681 -> 43172;0.796875;0.796875;0.796875;2.5
BALL;250;4668.0;0.0;-240.0;0;20700;0.796875;0.796875;0.796875;10.0
IDLINE;248;249;248;29681 -> 43180;0.796875;0.796875;0.796875;2.5
IDLINE;232;250;232;20700 -> 29673;0.796875;0.796875;0.796875;2.5
IDLINE;249;250;249;20700 -> 29681;0.796875;0.796875;0.796875;2.5
BALL;251;5100.0;0.0;-400.0;0;174204;0.796875;0.796875;0.796875;10.0
BALL;252;5140.0;0.0;-400.0;0;174332;0.796875;0.796875;0.796875;10.0
BALL;253;5120.0;0.0;-360.0;0;106293;0.796875;0.796875;0.796875;10.0
IDLINE;251;253;251;106293 -> 174204;0.796875;0.796875;0.796875;2.5
IDLINE;252;253;252;106293 -> 174332;0.796875;0.796875;0.796875;2.5
BALL;254;5180.0;0.0;-400.0;0;199600;0.796875;0.796875;0.796875;10.0
BALL;255;5220.0;0.0;-400.0;0;199612;0.796875;0.796875;0.796875;10.0
BALL;256;5200.0;0.0;-360.0;0;106301;0.796875;0.796875;0.796875;10.0
IDLINE;254;256;254;106301 -> 199600;0.796875;0.796875;0.796875;2.5
IDLINE;255;256;255;106301 -> 199612;0.796875;0.796875;0.796875;2.5
BALL;257;5160.0;0.0;-320.0;0;65126;0.796875;0.796875;0.796875;10.0
IDLINE;253;257;253;65126 -> 106293;0.796875;0.796875;0.796875;2.5
IDLINE;256;257;256;65126 -> 106301;0.796875;0.796875;0.796875;2.5
BALL;258;5260.0;0.0;-360.0;0;129123;0.796875;0.796875;0.796875;10.0
BALL;259;5300.0;0.0;-360.0;0;129131;0.796875;0.796875;0.796875;10.0
BALL;260;5280.0;0.0;-320.0;0;65128;0.796875;0.796875;0.796875;10.0
IDLINE;258;260;258;65128 -> 129123;0.796875;0.796875;0.796875;2.5
IDLINE;259;260;259;65128 -> 129131;0.796875;0.796875;0.796875;2.5
BALL;261;5220.0;0.0;-280.0;0;42034;0.796875;0.796875;0.796875;10.0
IDLINE;257;261;257;42034 -> 65126;0.796875;0.796875;0.796875;2.5
IDLINE;260;261;260;42034 -> 65128;0.796875;0.796875;0.796875;2.5
BALL;262;5340.0;0.0;-320.0;0;102138;0.796875;0.796875;0.796875;10.0
BALL;263;5380.0;0.0;-320.0;0;102219;0.796875;0.796875;0.796875;10.0
BALL;264;5360.0;0.0;-280.0;0;42036;0.796875;0.796875;0.796875;10.0
IDLINE;262;264;262;42036 -> 102138;0.796875;0.796875;0.796875;2.5
IDLINE;263;264;263;42036 -> 102219;0.796875;0.796875;0.796875;2.5
BALL;265;5290.0;0.0;-240.0;0;20757;0.796875;0.796875;0.796875;10.0
IDLINE;261;265;261;20757 -> 42034;0.796875;0.796875;0.796875;2.5
BALL;266;4979.0;0.0;-200.0;0;13882;0.796875;0.796875;0.796875;10.0
IDLINE;264;265;264;20757 -> 42036;0.796875;0.796875;0.796875;2.5
BALL;267;4589.0;0.0;-160.0;0;5809;0.796875;0.796875;0.796875;10.0
IDLINE;250;266;250;13882 -> 20700;0.796875;0.796875;0.796875;2.5
BALL;268;3884.0;0.0;-120.0;0;3576;0.796875;0.796875;0.796875;10.0
IDLINE;265;266;265;13882 -> 20757;0.796875;0.796875;0.796875;2.5
IDLINE;211;267;211;5809 -> 13878;0.796875;0.796875;0.796875;2.5
IDLINE;266;267;266;5809 -> 13882;0.796875;0.796875;0.796875;2.5
IDLINE;204;268;204;3576 -> 5804;0.796875;0.796875;0.796875;2.5
IDLINE;267;268;267;3576 -> 5809;0.796875;0.796875;0.796875;2.5
BALL;269;5420.0;0.0;-160.0;0;69942;0.796875;0.796875;0.796875;10.0
BALL;270;5460.0;0.0;-160.0;0;70092;0.796875;0.796875;0.796875;10.0
BALL;271;5440.0;0.0;-120.0;0;3532;0.796875;0.796875;0.796875;10.0
IDLINE;269;271;269;3532 -> 69942;0.796875;0.796875;0.796875;2.5
IDLINE;270;271;270;3532 -> 70092;0.796875;0.796875;0.796875;2.5
BALL;272;4662.0;0.0;-80.0;0;1639;0.796875;0.796875;0.796875;10.0
IDLINE;268;272;268;1639 -> 3576;0.796875;0.796875;0.796875;2.5
BALL;273;5500.0;0.0;-200.0;0;143508;0.796875;0.796875;0.796875;10.0
IDLINE;271;272;271;1639 -> 3532;0.796875;0.796875;0.796875;2.5
BALL;274;5540.0;0.0;-200.0;0;143605;0.796875;0.796875;0.796875;10.0
IDLINE;273;275;273;59424 -> 143508;0.796875;0.796875;0.796875;2.5
BALL;275;5520.0;0.0;-160.0;0;59424;0.796875;0.796875;0.796875;10.0
IDLINE;274;275;274;59424 -> 143605;0.796875;0.796875;0.796875;2.5
BALL;276;5580.0;0.0;-160.0;0;59504;0.796875;0.796875;0.796875;10.0
IDLINE;275;277;275;3589 -> 59424;0.796875;0.796875;0.796875;2.5
BALL;277;5550.0;0.0;-120.0;0;3589;0.796875;0.796875;0.796875;10.0
IDLINE;276;277;276;3589 -> 59504;0.796875;0.796875;0.796875;2.5
IDLINE;279;281;279;89797 -> 193779;0.796875;0.796875;0.796875;2.5
BALL;278;5620.0;0.0;-360.0;0;89612;0.796875;0.796875;0.796875;10.0
IDLINE;280;281;280;89797 -> 193947;0.796875;0.796875;0.796875;2.5
BALL;279;5660.0;0.0;-400.0;0;193779;0.796875;0.796875;0.796875;10.0
IDLINE;278;282;278;43888 -> 89612;0.796875;0.796875;0.796875;2.5
BALL;280;5700.0;0.0;-400.0;0;193947;0.796875;0.796875;0.796875;10.0
IDLINE;281;282;281;43888 -> 89797;0.796875;0.796875;0.796875;2.5
BALL;281;5680.0;0.0;-360.0;0;89797;0.796875;0.796875;0.796875;10.0
IDLINE;283;285;283;64583 -> 119172;0.796875;0.796875;0.796875;2.5
BALL;282;5650.0;0.0;-320.0;0;43888;0.796875;0.796875;0.796875;10.0
IDLINE;284;285;284;64583 -> 119377;0.796875;0.796875;0.796875;2.5
BALL;283;5740.0;0.0;-400.0;0;119172;0.796875;0.796875;0.796875;10.0
BALL;284;5780.0;0.0;-400.0;0;119377;0.796875;0.796875;0.796875;10.0
BALL;285;5760.0;0.0;-360.0;0;64583;0.796875;0.796875;0.796875;10.0
BALL;286;5820.0;0.0;-440.0;0;159831;0.796875;0.796875;0.796875;10.0
BALL;287;5860.0;0.0;-440.0;0;159927;0.796875;0.796875;0.796875;10.0
BALL;288;5840.0;0.0;-400.0;0;90793;0.796875;0.796875;0.796875;10.0
IDLINE;286;288;286;90793 -> 159831;0.796875;0.796875;0.796875;2.5
IDLINE;287;288;287;90793 -> 159927;0.796875;0.796875;0.796875;2.5
BALL;289;5900.0;0.0;-440.0;0;148407;0.796875;0.796875;0.796875;10.0
BALL;290;5940.0;0.0;-440.0;0;148423;0.796875;0.796875;0.796875;10.0
BALL;291;5920.0;0.0;-400.0;0;91141;0.796875;0.796875;0.796875;10.0
IDLINE;289;291;289;91141 -> 148407;0.796875;0.796875;0.796875;2.5
IDLINE;290;291;290;91141 -> 148423;0.796875;0.796875;0.796875;2.5
BALL;292;5880.0;0.0;-360.0;0;64849;0.796875;0.796875;0.796875;10.0
IDLINE;288;292;288;64849 -> 90793;0.796875;0.796875;0.796875;2.5
IDLINE;291;292;291;64849 -> 91141;0.796875;0.796875;0.796875;2.5
BALL;293;5820.0;0.0;-320.0;0;43902;0.796875;0.796875;0.796875;10.0
IDLINE;285;293;285;43902 -> 64583;0.796875;0.796875;0.796875;2.5
IDLINE;292;293;292;43902 -> 64849;0.796875;0.796875;0.796875;2.5
BALL;294;5735.0;0.0;-280.0;0;30101;0.796875;0.796875;0.796875;10.0
IDLINE;282;294;282;30101 -> 43888;0.796875;0.796875;0.796875;2.5
IDLINE;293;294;293;30101 -> 43902;0.796875;0.796875;0.796875;2.5
BALL;295;5980.0;0.0;-360.0;0;75812;0.796875;0.796875;0.796875;10.0
BALL;296;6020.0;0.0;-400.0;0;139120;0.796875;0.796875;0.796875;10.0
BALL;297;6060.0;0.0;-400.0;0;139505;0.796875;0.796875;0.796875;10.0
BALL;298;6040.0;0.0;-360.0;0;75853;0.796875;0.796875;0.796875;10.0
IDLINE;296;298;296;75853 -> 139120;0.796875;0.796875;0.796875;2.5
IDLINE;297;298;297;75853 -> 139505;0.796875;0.796875;0.796875;2.5
BALL;299;6010.0;0.0;-320.0;0;45554;0.796875;0.796875;0.796875;10.0
IDLINE;295;299;295;45554 -> 75812;0.796875;0.796875;0.796875;2.5
IDLINE;298;299;298;45554 -> 75853;0.796875;0.796875;0.796875;2.5
BALL;300;6100.0;0.0;-440.0;0;163713;0.796875;0.796875;0.796875;10.0
BALL;301;6140.0;0.0;-440.0;0;164151;0.796875;0.796875;0.796875;10.0
BALL;302;6120.0;0.0;-400.0;0;98885;0.796875;0.796875;0.796875;10.0
IDLINE;300;302;300;98885 -> 163713;0.796875;0.796875;0.796875;2.5
IDLINE;301;302;301;98885 -> 164151;0.796875;0.796875;0.796875;2.5
BALL;303;6180.0;0.0;-440.0;0;157496;0.796875;0.796875;0.796875;10.0
BALL;304;6220.0;0.0;-440.0;0;157722;0.796875;0.796875;0.796875;10.0
BALL;305;6200.0;0.0;-400.0;0;99013;0.796875;0.796875;0.796875;10.0
IDLINE;303;305;303;99013 -> 157496;0.796875;0.796875;0.796875;2.5
IDLINE;304;305;304;99013 -> 157722;0.796875;0.796875;0.796875;2.5
BALL;306;6160.0;0.0;-360.0;0;68984;0.796875;0.796875;0.796875;10.0
IDLINE;302;306;302;68984 -> 98885;0.796875;0.796875;0.796875;2.5
IDLINE;305;306;305;68984 -> 99013;0.796875;0.796875;0.796875;2.5
BALL;307;6260.0;0.0;-400.0;0;125243;0.796875;0.796875;0.796875;10.0
BALL;308;6300.0;0.0;-400.0;0;125580;0.796875;0.796875;0.796875;10.0
BALL;309;6280.0;0.0;-360.0;0;69187;0.796875;0.796875;0.796875;10.0
IDLINE;307;309;307;69187 -> 125243;0.796875;0.796875;0.796875;2.5
IDLINE;308;309;308;69187 -> 125580;0.796875;0.796875;0.796875;2.5
BALL;310;6220.0;0.0;-320.0;0;45668;0.796875;0.796875;0.796875;10.0
IDLINE;306;310;306;45668 -> 68984;0.796875;0.796875;0.796875;2.5
BALL;311;6115.0;0.0;-280.0;0;30202;0.796875;0.796875;0.796875;10.0
IDLINE;309;310;309;45668 -> 69187;0.796875;0.796875;0.796875;2.5
BALL;312;5925.0;0.0;-240.0;0;20921;0.796875;0.796875;0.796875;10.0
IDLINE;299;311;299;30202 -> 45554;0.796875;0.796875;0.796875;2.5
BALL;313;6340.0;0.0;-360.0;0;112637;0.796875;0.796875;0.796875;10.0
IDLINE;310;311;310;30202 -> 45668;0.796875;0.796875;0.796875;2.5
BALL;314;6380.0;0.0;-400.0;0;194654;0.796875;0.796875;0.796875;10.0
IDLINE;294;312;294;20921 -> 30101;0.796875;0.796875;0.796875;2.5
BALL;315;6420.0;0.0;-400.0;0;194733;0.796875;0.796875;0.796875;10.0
IDLINE;311;312;311;20921 -> 30202;0.796875;0.796875;0.796875;2.5
BALL;316;6400.0;0.0;-360.0;0;112990;0.796875;0.796875;0.796875;10.0
IDLINE;314;316;314;112990 -> 194654;0.796875;0.796875;0.796875;2.5
BALL;317;6370.0;0.0;-320.0;0;69829;0.796875;0.796875;0.796875;10.0
BALL;318;6460.0;0.0;-360.0;0;134130;0.796875;0.796875;0.796875;10.0
IDLINE;315;316;315;112990 -> 194733;0.796875;0.796875;0.796875;2.5
BALL;319;6500.0;0.0;-360.0;0;134221;0.796875;0.796875;0.796875;10.0
IDLINE;313;317;313;69829 -> 112637;0.796875;0.796875;0.796875;2.5
BALL;320;6480.0;0.0;-320.0;0;69898;0.796875;0.796875;0.796875;10.0
IDLINE;316;317;316;69829 -> 112990;0.796875;0.796875;0.796875;2.5
IDLINE;318;320;318;69898 -> 134130;0.796875;0.796875;0.796875;2.5
IDLINE;319;320;319;69898 -> 134221;0.796875;0.796875;0.796875;2.5
BALL;321;6425.0;0.0;-280.0;0;43432;0.796875;0.796875;0.796875;10.0
IDLINE;317;321;317;43432 -> 69829;0.796875;0.796875;0.796875;2.5
IDLINE;320;321;320;43432 -> 69898;0.796875;0.796875;0.796875;2.5
BALL;322;6540.0;0.0;-280.0;0;43500;0.796875;0.796875;0.796875;10.0
BALL;323;6482.0;0.0;-240.0;0;20983;0.796875;0.796875;0.796875;10.0
IDLINE;321;323;321;20983 -> 43432;0.796875;0.796875;0.796875;2.5
IDLINE;322;323;322;20983 -> 43500;0.796875;0.796875;0.796875;2.5
IDLINE;312;324;312;13774 -> 20921;0.796875;0.796875;0.796875;2.5
IDLINE;323;324;323;13774 -> 20983;0.796875;0.796875;0.796875;2.5
IDLINE;325;327;325;46953 -> 140904;0.796875;0.796875;0.796875;2.5
IDLINE;326;327;326;46953 -> 141343;0.796875;0.796875;0.796875;2.5
IDLINE;328;330;328;46930 -> 137995;0.796875;0.796875;0.796875;2.5
IDLINE;329;330;329;46930 -> 138102;0.796875;0.796875;0.796875;2.5
IDLINE;327;331;327;13739 -> 46953;0.796875;0.796875;0.796875;2.5
IDLINE;330;331;330;13739 -> 46930;0.796875;0.796875;0.796875;2.5
IDLINE;324;332;324;5990 -> 13774;0.796875;0.796875;0.796875;2.5
IDLINE;331;332;331;5990 -> 13739;0.796875;0.796875;0.796875;2.5
IDLINE;333;335;333;48926 -> 121365;0.796875;0.796875;0.796875;2.5
IDLINE;334;335;334;48926 -> 121535;0.796875;0.796875;0.796875;2.5
IDLINE;336;338;336;48982 -> 115484;0.796875;0.796875;0.796875;2.5
IDLINE;337;338;337;48982 -> 115644;0.796875;0.796875;0.796875;2.5
BALL;324;6203.0;0.0;-200.0;0;13774;0.796875;0.796875;0.796875;10.0
IDLINE;335;339;335;9035 -> 48926;0.796875;0.796875;0.796875;2.5
BALL;325;6580.0;0.0;-280.0;0;140904;0.796875;0.796875;0.796875;10.0
IDLINE;338;339;338;9035 -> 48982;0.796875;0.796875;0.796875;2.5
BALL;326;6620.0;0.0;-280.0;0;141343;0.796875;0.796875;0.796875;10.0
IDLINE;340;342;340;69114 -> 124084;0.796875;0.796875;0.796875;2.5
BALL;327;6600.0;0.0;-240.0;0;46953;0.796875;0.796875;0.796875;10.0
IDLINE;341;342;341;69114 -> 124467;0.796875;0.796875;0.796875;2.5
BALL;328;6660.0;0.0;-280.0;0;137995;0.796875;0.796875;0.796875;10.0
IDLINE;344;346;344;107600 -> 164327;0.796875;0.796875;0.796875;2.5
BALL;329;6700.0;0.0;-280.0;0;138102;0.796875;0.796875;0.796875;10.0
IDLINE;345;346;345;107600 -> 164898;0.796875;0.796875;0.796875;2.5
BALL;330;6680.0;0.0;-240.0;0;46930;0.796875;0.796875;0.796875;10.0
IDLINE;343;347;343;69223 -> 107582;0.796875;0.796875;0.796875;2.5
BALL;331;6640.0;0.0;-200.0;0;13739;0.796875;0.796875;0.796875;10.0
IDLINE;346;347;346;69223 -> 107600;0.796875;0.796875;0.796875;2.5
BALL;332;6421.0;0.0;-160.0;0;5990;0.796875;0.796875;0.796875;10.0
IDLINE;342;348;342;45167 -> 69114;0.796875;0.796875;0.796875;2.5
BALL;333;6740.0;0.0;-280.0;0;121365;0.796875;0.796875;0.796875;10.0
IDLINE;347;348;347;45167 -> 69223;0.796875;0.796875;0.796875;2.5
BALL;334;6780.0;0.0;-280.0;0;121535;0.796875;0.796875;0.796875;10.0
IDLINE;350;352;350;102790 -> 167943;0.796875;0.796875;0.796875;2.5
BALL;335;6760.0;0.0;-240.0;0;48926;0.796875;0.796875;0.796875;10.0
IDLINE;351;352;351;102790 -> 168257;0.796875;0.796875;0.796875;2.5
BALL;336;6820.0;0.0;-280.0;0;115484;0.796875;0.796875;0.796875;10.0
IDLINE;349;353;349;63875 -> 102771;0.796875;0.796875;0.796875;2.5
BALL;337;6860.0;0.0;-280.0;0;115644;0.796875;0.796875;0.796875;10.0
IDLINE;352;353;352;63875 -> 102790;0.796875;0.796875;0.796875;2.5
BALL;338;6840.0;0.0;-240.0;0;48982;0.796875;0.796875;0.796875;10.0
IDLINE;354;356;354;99251 -> 152769;0.796875;0.796875;0.796875;2.5
BALL;339;6800.0;0.0;-200.0;0;9035;0.796875;0.796875;0.796875;10.0
IDLINE;355;356;355;99251 -> 153078;0.796875;0.796875;0.796875;2.5
BALL;340;6900.0;0.0;-440.0;0;124084;0.796875;0.796875;0.796875;10.0
IDLINE;357;359;357;99268 -> 178762;0.796875;0.796875;0.796875;2.5
BALL;341;6940.0;0.0;-440.0;0;124467;0.796875;0.796875;0.796875;10.0
IDLINE;358;359;358;99268 -> 179084;0.796875;0.796875;0.796875;2.5
BALL;342;6920.0;0.0;-400.0;0;69114;0.796875;0.796875;0.796875;10.0
IDLINE;356;360;356;63955 -> 99251;0.796875;0.796875;0.796875;2.5
BALL;343;6980.0;0.0;-440.0;0;107582;0.796875;0.796875;0.796875;10.0
IDLINE;359;360;359;63955 -> 99268;0.796875;0.796875;0.796875;2.5
BALL;344;7020.0;0.0;-480.0;0;164327;0.796875;0.796875;0.796875;10.0
IDLINE;353;361;353;45355 -> 63875;0.796875;0.796875;0.796875;2.5
BALL;345;7060.0;0.0;-480.0;0;164898;0.796875;0.796875;0.796875;10.0
IDLINE;360;361;360;45355 -> 63955;0.796875;0.796875;0.796875;2.5
BALL;346;7040.0;0.0;-440.0;0;107600;0.796875;0.796875;0.796875;10.0
IDLINE;348;362;348;30975 -> 45167;0.796875;0.796875;0.796875;2.5
BALL;347;7010.0;0.0;-400.0;0;69223;0.796875;0.796875;0.796875;10.0
IDLINE;361;362;361;30975 -> 45355;0.796875;0.796875;0.796875;2.5
BALL;348;6965.0;0.0;-360.0;0;45167;0.796875;0.796875;0.796875;10.0
IDLINE;363;365;363;55068 -> 141165;0.796875;0.796875;0.796875;2.5
BALL;349;7100.0;0.0;-440.0;0;102771;0.796875;0.796875;0.796875;10.0
IDLINE;364;365;364;55068 -> 141168;0.796875;0.796875;0.796875;2.5
BALL;350;7140.0;0.0;-480.0;0;167943;0.796875;0.796875;0.796875;10.0
IDLINE;367;369;367;90987 -> 153986;0.796875;0.796875;0.796875;2.5
BALL;351;7180.0;0.0;-480.0;0;168257;0.796875;0.796875;0.796875;10.0
IDLINE;368;369;368;90987 -> 154381;0.796875;0.796875;0.796875;2.5
BALL;352;7160.0;0.0;-440.0;0;102790;0.796875;0.796875;0.796875;10.0
IDLINE;366;370;366;55115 -> 90788;0.796875;0.796875;0.796875;2.5
BALL;353;7130.0;0.0;-400.0;0;63875;0.796875;0.796875;0.796875;10.0
IDLINE;369;370;369;55115 -> 90987;0.796875;0.796875;0.796875;2.5
BALL;354;7220.0;0.0;-480.0;0;152769;0.796875;0.796875;0.796875;10.0
IDLINE;365;371;365;30981 -> 55068;0.796875;0.796875;0.796875;2.5
BALL;355;7260.0;0.0;-480.0;0;153078;0.796875;0.796875;0.796875;10.0
IDLINE;370;371;370;30981 -> 55115;0.796875;0.796875;0.796875;2.5
BALL;356;7240.0;0.0;-440.0;0;99251;0.796875;0.796875;0.796875;10.0
IDLINE;362;372;362;18883 -> 30975;0.796875;0.796875;0.796875;2.5
BALL;357;7300.0;0.0;-480.0;0;178762;0.796875;0.796875;0.796875;10.0
IDLINE;371;372;371;18883 -> 30981;0.796875;0.796875;0.796875;2.5
BALL;358;7340.0;0.0;-480.0;0;179084;0.796875;0.796875;0.796875;10.0
IDLINE;373;375;373;84056 -> 163721;0.796875;0.796875;0.796875;2.5
BALL;359;7320.0;0.0;-440.0;0;99268;0.796875;0.796875;0.796875;10.0
IDLINE;374;375;374;84056 -> 164114;0.796875;0.796875;0.796875;2.5
BALL;360;7280.0;0.0;-400.0;0;63955;0.796875;0.796875;0.796875;10.0
IDLINE;377;379;377;118865 -> 192057;0.796875;0.796875;0.796875;2.5
BALL;361;7205.0;0.0;-360.0;0;45355;0.796875;0.796875;0.796875;10.0
IDLINE;378;379;378;118865 -> 192366;0.796875;0.796875;0.796875;2.5
BALL;362;7085.0;0.0;-320.0;0;30975;0.796875;0.796875;0.796875;10.0
IDLINE;376;380;376;84197 -> 118857;0.796875;0.796875;0.796875;2.5
BALL;363;7380.0;0.0;-400.0;0;141165;0.796875;0.796875;0.796875;10.0
IDLINE;379;380;379;84197 -> 118865;0.796875;0.796875;0.796875;2.5
BALL;364;7420.0;0.0;-400.0;0;141168;0.796875;0.796875;0.796875;10.0
IDLINE;375;381;375;56370 -> 84056;0.796875;0.796875;0.796875;2.5
BALL;365;7400.0;0.0;-360.0;0;55068;0.796875;0.796875;0.796875;10.0
IDLINE;380;381;380;56370 -> 84197;0.796875;0.796875;0.796875;2.5
BALL;366;7460.0;0.0;-400.0;0;90788;0.796875;0.796875;0.796875;10.0
IDLINE;382;384;382;81081 -> 167200;0.796875;0.796875;0.796875;2.5
BALL;367;7500.0;0.0;-440.0;0;153986;0.796875;0.796875;0.796875;10.0
IDLINE;383;384;383;81081 -> 167300;0.796875;0.796875;0.796875;2.5
BALL;368;7540.0;0.0;-440.0;0;154381;0.796875;0.796875;0.796875;10.0
IDLINE;385;387;385;113804 -> 174623;0.796875;0.796875;0.796875;2.5
BALL;369;7520.0;0.0;-400.0;0;90987;0.796875;0.796875;0.796875;10.0
IDLINE;386;387;386;113804 -> 175030;0.796875;0.796875;0.796875;2.5
BALL;370;7490.0;0.0;-360.0;0;55115;0.796875;0.796875;0.796875;10.0
IDLINE;387;389;387;80953 -> 113804;0.796875;0.796875;0.796875;2.5
BALL;371;7445.0;0.0;-320.0;0;30981;0.796875;0.796875;0.796875;10.0
IDLINE;388;389;388;80953 -> 114036;0.796875;0.796875;0.796875;2.5
BALL;372;7265.0;0.0;-280.0;0;18883;0.796875;0.796875;0.796875;10.0
IDLINE;384;390;384;56414 -> 81081;0.796875;0.796875;0.796875;2.5
BALL;373;7580.0;0.0;-480.0;0;163721;0.796875;0.796875;0.796875;10.0
IDLINE;389;390;389;56414 -> 80953;0.796875;0.796875;0.796875;2.5
BALL;374;7620.0;0.0;-480.0;0;164114;0.796875;0.796875;0.796875;10.0
IDLINE;381;391;381;40975 -> 56370;0.796875;0.796875;0.796875;2.5
BALL;375;7600.0;0.0;-440.0;0;84056;0.796875;0.796875;0.796875;10.0
IDLINE;390;391;390;40975 -> 56414;0.796875;0.796875;0.796875;2.5
BALL;376;7660.0;0.0;-480.0;0;118857;0.796875;0.796875;0.796875;10.0
IDLINE;392;394;392;85110 -> 198906;0.796875;0.796875;0.796875;2.5
BALL;377;7700.0;0.0;-520.0;0;192057;0.796875;0.796875;0.796875;10.0
IDLINE;393;394;393;85110 -> 199191;0.796875;0.796875;0.796875;2.5
BALL;378;7740.0;0.0;-520.0;0;192366;0.796875;0.796875;0.796875;10.0
IDLINE;394;396;394;41076 -> 85110;0.796875;0.796875;0.796875;2.5
BALL;379;7720.0;0.0;-480.0;0;118865;0.796875;0.796875;0.796875;10.0
IDLINE;395;396;395;41076 -> 85015;0.796875;0.796875;0.796875;2.5
BALL;380;7690.0;0.0;-440.0;0;84197;0.796875;0.796875;0.796875;10.0
IDLINE;391;397;391;27363 -> 40975;0.796875;0.796875;0.796875;2.5
BALL;381;7645.0;0.0;-400.0;0;56370;0.796875;0.796875;0.796875;10.0
IDLINE;396;397;396;27363 -> 41076;0.796875;0.796875;0.796875;2.5
BALL;382;7780.0;0.0;-480.0;0;167200;0.796875;0.796875;0.796875;10.0
BALL;383;7820.0;0.0;-480.0;0;167300;0.796875;0.796875;0.796875;10.0
BALL;384;7800.0;0.0;-440.0;0;81081;0.796875;0.796875;0.796875;10.0
BALL;385;7860.0;0.0;-520.0;0;174623;0.796875;0.796875;0.796875;10.0
BALL;386;7900.0;0.0;-520.0;0;175030;0.796875;0.796875;0.796875;10.0
BALL;387;7880.0;0.0;-480.0;0;113804;0.796875;0.796875;0.796875;10.0
BALL;388;7940.0;0.0;-480.0;0;114036;0.796875;0.796875;0.796875;10.0
IDLINE;399;401;399;61636 -> 148357;0.796875;0.796875;0.796875;2.5
BALL;389;7910.0;0.0;-440.0;0;80953;0.796875;0.796875;0.796875;10.0
IDLINE;400;401;400;61636 -> 148801;0.796875;0.796875;0.796875;2.5
BALL;390;7855.0;0.0;-400.0;0;56414;0.796875;0.796875;0.796875;10.0
BALL;391;7750.0;0.0;-360.0;0;40975;0.796875;0.796875;0.796875;10.0
BALL;392;7980.0;0.0;-440.0;0;198906;0.796875;0.796875;0.796875;10.0
BALL;393;8020.0;0.0;-440.0;0;199191;0.796875;0.796875;0.796875;10.0
BALL;394;8000.0;0.0;-400.0;0;85110;0.796875;0.796875;0.796875;10.0
BALL;395;8060.0;0.0;-400.0;0;85015;0.796875;0.796875;0.796875;10.0
BALL;396;8030.0;0.0;-360.0;0;41076;0.796875;0.796875;0.796875;10.0
BALL;397;7890.0;0.0;-320.0;0;27363;0.796875;0.796875;0.796875;10.0
BALL;398;8100.0;0.0;-360.0;0;43989;0.796875;0.796875;0.796875;10.0
IDLINE;403;405;403;126209 -> 179364;0.796875;0.796875;0.796875;2.5
BALL;399;8140.0;0.0;-440.0;0;148357;0.796875;0.796875;0.796875;10.0
IDLINE;404;405;404;126209 -> 179685;0.796875;0.796875;0.796875;2.5
BALL;400;8180.0;0.0;-440.0;0;148801;0.796875;0.796875;0.796875;10.0
IDLINE;402;406;402;85026 -> 125725;0.796875;0.796875;0.796875;2.5
BALL;401;8160.0;0.0;-400.0;0;61636;0.796875;0.796875;0.796875;10.0
IDLINE;405;406;405;85026 -> 126209;0.796875;0.796875;0.796875;2.5
BALL;402;8220.0;0.0;-480.0;0;125725;0.796875;0.796875;0.796875;10.0
BALL;403;8260.0;0.0;-520.0;0;179364;0.796875;0.796875;0.796875;10.0
BALL;404;8300.0;0.0;-520.0;0;179685;0.796875;0.796875;0.796875;10.0
BALL;405;8280.0;0.0;-480.0;0;126209;0.796875;0.796875;0.796875;10.0
BALL;406;8250.0;0.0;-440.0;0;85026;0.796875;0.796875;0.796875;10.0
BALL;407;8340.0;0.0;-480.0;0;131651;0.796875;0.796875;0.796875;10.0
BALL;408;8380.0;0.0;-520.0;0;211483;0.796875;0.796875;0.796875;10.0
BALL;409;8420.0;0.0;-520.0;0;211497;0.796875;0.796875;0.796875;10.0
IDLINE;408;410;408;131844 -> 211483;0.796875;0.796875;0.796875;2.5
BALL;410;8400.0;0.0;-480.0;0;131844;0.796875;0.796875;0.796875;10.0
IDLINE;409;410;409;131844 -> 211497;0.796875;0.796875;0.796875;2.5
BALL;411;8370.0;0.0;-440.0;0;85053;0.796875;0.796875;0.796875;10.0
IDLINE;407;411;407;85053 -> 131651;0.796875;0.796875;0.796875;2.5
IDLINE;410;411;410;85053 -> 131844;0.796875;0.796875;0.796875;2.5
BALL;412;8310.0;0.0;-400.0;0;61891;0.796875;0.796875;0.796875;10.0
IDLINE;406;412;406;61891 -> 85026;0.796875;0.796875;0.796875;2.5
IDLINE;411;412;411;61891 -> 85053;0.796875;0.796875;0.796875;2.5
BALL;413;8235.0;0.0;-360.0;0;44151;0.796875;0.796875;0.796875;10.0
IDLINE;401;413;401;44151 -> 61636;0.796875;0.796875;0.796875;2.5
IDLINE;412;413;412;44151 -> 61891;0.796875;0.796875;0.796875;2.5
BALL;414;8167.0;0.0;-320.0;0;27423;0.796875;0.796875;0.796875;10.0
IDLINE;398;414;398;27423 -> 43989;0.796875;0.796875;0.796875;2.5
BALL;415;8028.0;0.0;-280.0;0;18993;0.796875;0.796875;0.796875;10.0
IDLINE;413;414;413;27423 -> 44151;0.796875;0.796875;0.796875;2.5
IDLINE;397;415;397;18993 -> 27363;0.796875;0.796875;0.796875;2.5
BALL;416;7646.0;0.0;-240.0;0;12632;0.796875;0.796875;0.796875;10.0
IDLINE;414;415;414;18993 -> 27423;0.796875;0.796875;0.796875;2.5
IDLINE;372;416;372;12632 -> 18883;0.796875;0.796875;0.796875;2.5
IDLINE;415;416;415;12632 -> 18993;0.796875;0.796875;0.796875;2.5
BALL;417;8460.0;0.0;-480.0;0;144234;0.796875;0.796875;0.796875;10.0
BALL;418;8500.0;0.0;-480.0;0;144254;0.796875;0.796875;0.796875;10.0
BALL;419;8480.0;0.0;-440.0;0;73857;0.796875;0.796875;0.796875;10.0
IDLINE;417;419;417;73857 -> 144234;0.796875;0.796875;0.796875;2.5
IDLINE;418;419;418;73857 -> 144254;0.796875;0.796875;0.796875;2.5
BALL;420;8540.0;0.0;-520.0;0;149891;0.796875;0.796875;0.796875;10.0
BALL;421;8580.0;0.0;-520.0;0;150162;0.796875;0.796875;0.796875;10.0
BALL;422;8560.0;0.0;-480.0;0;103662;0.796875;0.796875;0.796875;10.0
IDLINE;420;422;420;103662 -> 149891;0.796875;0.796875;0.796875;2.5
IDLINE;421;422;421;103662 -> 150162;0.796875;0.796875;0.796875;2.5
BALL;423;8620.0;0.0;-520.0;0;195140;0.796875;0.796875;0.796875;10.0
BALL;424;8660.0;0.0;-520.0;0;195430;0.796875;0.796875;0.796875;10.0
BALL;425;8640.0;0.0;-480.0;0;103603;0.796875;0.796875;0.796875;10.0
IDLINE;423;425;423;103603 -> 195140;0.796875;0.796875;0.796875;2.5
IDLINE;424;425;424;103603 -> 195430;0.796875;0.796875;0.796875;2.5
BALL;426;8600.0;0.0;-440.0;0;73869;0.796875;0.796875;0.796875;10.0
IDLINE;422;426;422;73869 -> 103662;0.796875;0.796875;0.796875;2.5
IDLINE;425;426;425;73869 -> 103603;0.796875;0.796875;0.796875;2.5
BALL;427;8540.0;0.0;-400.0;0;50797;0.796875;0.796875;0.796875;10.0
IDLINE;419;427;419;50797 -> 73857;0.796875;0.796875;0.796875;2.5
IDLINE;426;427;426;50797 -> 73869;0.796875;0.796875;0.796875;2.5
BALL;428;8700.0;0.0;-480.0;0;115331;0.796875;0.796875;0.796875;10.0
BALL;429;8740.0;0.0;-520.0;0;179515;0.796875;0.796875;0.796875;10.0
BALL;430;8780.0;0.0;-520.0;0;179571;0.796875;0.796875;0.796875;10.0
BALL;431;8760.0;0.0;-480.0;0;115405;0.796875;0.796875;0.796875;10.0
IDLINE;429;431;429;115405 -> 179515;0.796875;0.796875;0.796875;2.5
IDLINE;430;431;430;115405 -> 179571;0.796875;0.796875;0.796875;2.5
BALL;432;8730.0;0.0;-440.0;0;77169;0.796875;0.796875;0.796875;10.0
IDLINE;428;432;428;77169 -> 115331;0.796875;0.796875;0.796875;2.5
BALL;433;8820.0;0.0;-480.0;0;182533;0.796875;0.796875;0.796875;10.0
IDLINE;431;432;431;77169 -> 115405;0.796875;0.796875;0.796875;2.5
BALL;434;8860.0;0.0;-480.0;0;182606;0.796875;0.796875;0.796875;10.0
BALL;435;8840.0;0.0;-440.0;0;77280;0.796875;0.796875;0.796875;10.0
IDLINE;433;435;433;77280 -> 182533;0.796875;0.796875;0.796875;2.5
IDLINE;434;435;434;77280 -> 182606;0.796875;0.796875;0.796875;2.5
BALL;436;8785.0;0.0;-400.0;0;50948;0.796875;0.796875;0.796875;10.0
IDLINE;432;436;432;50948 -> 77169;0.796875;0.796875;0.796875;2.5
IDLINE;435;436;435;50948 -> 77280;0.796875;0.796875;0.796875;2.5
BALL;437;8662.0;0.0;-360.0;0;36685;0.796875;0.796875;0.796875;10.0
IDLINE;427;437;427;36685 -> 50797;0.796875;0.796875;0.796875;2.5
IDLINE;436;437;436;36685 -> 50948;0.796875;0.796875;0.796875;2.5
BALL;438;8900.0;0.0;-520.0;0;143638;0.796875;0.796875;0.796875;10.0
BALL;439;8940.0;0.0;-520.0;0;143743;0.796875;0.796875;0.796875;10.0
BALL;440;8920.0;0.0;-480.0;0;98127;0.796875;0.796875;0.796875;10.0
IDLINE;438;440;438;98127 -> 143638;0.796875;0.796875;0.796875;2.5
IDLINE;439;440;439;98127 -> 143743;0.796875;0.796875;0.796875;2.5
BALL;441;8980.0;0.0;-520.0;0;151512;0.796875;0.796875;0.796875;10.0
IDLINE;441;443;441;98175 -> 151512;0.796875;0.796875;0.796875;2.5
BALL;442;9020.0;0.0;-520.0;0;151689;0.796875;0.796875;0.796875;10.0
BALL;443;9000.0;0.0;-480.0;0;98175;0.796875;0.796875;0.796875;10.0
IDLINE;442;443;442;98175 -> 151689;0.796875;0.796875;0.796875;2.5
BALL;444;8960.0;0.0;-440.0;0;67012;0.796875;0.796875;0.796875;10.0
BALL;445;9060.0;0.0;-520.0;0;134466;0.796875;0.796875;0.796875;10.0
IDLINE;440;444;440;67012 -> 98127;0.796875;0.796875;0.796875;2.5
BALL;446;9100.0;0.0;-520.0;0;134771;0.796875;0.796875;0.796875;10.0
IDLINE;443;444;443;67012 -> 98175;0.796875;0.796875;0.796875;2.5
BALL;447;9080.0;0.0;-480.0;0;96400;0.796875;0.796875;0.796875;10.0
IDLINE;445;447;445;96400 -> 134466;0.796875;0.796875;0.796875;2.5
IDLINE;446;447;446;96400 -> 134771;0.796875;0.796875;0.796875;2.5
IDLINE;448;450;448;96510 -> 185965;0.796875;0.796875;0.796875;2.5
IDLINE;449;450;449;96510 -> 186061;0.796875;0.796875;0.796875;2.5
IDLINE;447;451;447;67060 -> 96400;0.796875;0.796875;0.796875;2.5
IDLINE;450;451;450;67060 -> 96510;0.796875;0.796875;0.796875;2.5
BALL;448;9140.0;0.0;-520.0;0;185965;0.796875;0.796875;0.796875;10.0
BALL;449;9180.0;0.0;-520.0;0;186061;0.796875;0.796875;0.796875;10.0
IDLINE;444;452;444;49709 -> 67012;0.796875;0.796875;0.796875;2.5
BALL;450;9160.0;0.0;-480.0;0;96510;0.796875;0.796875;0.796875;10.0
IDLINE;451;452;451;49709 -> 67060;0.796875;0.796875;0.796875;2.5
BALL;451;9120.0;0.0;-440.0;0;67060;0.796875;0.796875;0.796875;10.0
BALL;452;9040.0;0.0;-400.0;0;49709;0.796875;0.796875;0.796875;10.0
BALL;453;9220.0;0.0;-520.0;0;182209;0.796875;0.796875;0.796875;10.0
IDLINE;453;455;453;108066 -> 182209;0.796875;0.796875;0.796875;2.5
BALL;454;9260.0;0.0;-520.0;0;182382;0.796875;0.796875;0.796875;10.0
IDLINE;454;455;454;108066 -> 182382;0.796875;0.796875;0.796875;2.5
BALL;455;9240.0;0.0;-480.0;0;108066;0.796875;0.796875;0.796875;10.0
BALL;456;9300.0;0.0;-480.0;0;108077;0.796875;0.796875;0.796875;10.0
IDLINE;455;457;455;69400 -> 108066;0.796875;0.796875;0.796875;2.5
BALL;457;9270.0;0.0;-440.0;0;69400;0.796875;0.796875;0.796875;10.0
IDLINE;456;457;456;69400 -> 108077;0.796875;0.796875;0.796875;2.5
BALL;458;9340.0;0.0;-520.0;0;139327;0.796875;0.796875;0.796875;10.0
BALL;459;9380.0;0.0;-560.0;0;195606;0.796875;0.796875;0.796875;10.0
BALL;460;9420.0;0.0;-560.0;0;196107;0.796875;0.796875;0.796875;10.0
BALL;461;9400.0;0.0;-520.0;0;139682;0.796875;0.796875;0.796875;10.0
IDLINE;459;461;459;139682 -> 195606;0.796875;0.796875;0.796875;2.5
IDLINE;460;461;460;139682 -> 196107;0.796875;0.796875;0.796875;2.5
BALL;462;9370.0;0.0;-480.0;0;95610;0.796875;0.796875;0.796875;10.0
IDLINE;458;462;458;95610 -> 139327;0.796875;0.796875;0.796875;2.5
IDLINE;461;462;461;95610 -> 139682;0.796875;0.796875;0.796875;2.5
BALL;463;9460.0;0.0;-520.0;0;145456;0.796875;0.796875;0.796875;10.0
BALL;464;9500.0;0.0;-520.0;0;145627;0.796875;0.796875;0.796875;10.0
BALL;465;9480.0;0.0;-480.0;0;95725;0.796875;0.796875;0.796875;10.0
BALL;466;9425.0;0.0;-440.0;0;69472;0.796875;0.796875;0.796875;10.0
IDLINE;463;465;463;95725 -> 145456;0.796875;0.796875;0.796875;2.5
IDLINE;464;465;464;95725 -> 145627;0.796875;0.796875;0.796875;2.5
IDLINE;462;466;462;69472 -> 95610;0.796875;0.796875;0.796875;2.5
BALL;467;9347.0;0.0;-400.0;0;49768;0.796875;0.796875;0.796875;10.0
IDLINE;465;466;465;69472 -> 95725;0.796875;0.796875;0.796875;2.5
BALL;468;9193.0;0.0;-360.0;0;36733;0.796875;0.796875;0.796875;10.0
IDLINE;457;467;457;49768 -> 69400;0.796875;0.796875;0.796875;2.5
IDLINE;466;467;466;49768 -> 69472;0.796875;0.796875;0.796875;2.5
IDLINE;452;468;452;36733 -> 49709;0.796875;0.796875;0.796875;2.5
IDLINE;467;468;467;36733 -> 49768;0.796875;0.796875;0.796875;2.5
BALL;469;8927.0;0.0;-320.0;0;26592;0.796875;0.796875;0.796875;10.0
IDLINE;437;469;437;26592 -> 36685;0.796875;0.796875;0.796875;2.5
IDLINE;468;469;468;26592 -> 36733;0.796875;0.796875;0.796875;2.5
BALL;470;9540.0;0.0;-360.0;0;81808;0.796875;0.796875;0.796875;10.0
BALL;471;9580.0;0.0;-360.0;0;82021;0.796875;0.796875;0.796875;10.0
BALL;472;9560.0;0.0;-320.0;0;26651;0.796875;0.796875;0.796875;10.0
IDLINE;470;472;470;26651 -> 81808;0.796875;0.796875;0.796875;2.5
IDLINE;471;472;471;26651 -> 82021;0.796875;0.796875;0.796875;2.5
BALL;473;9243.0;0.0;-280.0;0;19125;0.796875;0.796875;0.796875;10.0
IDLINE;469;473;469;19125 -> 26592;0.796875;0.796875;0.796875;2.5
IDLINE;472;473;472;19125 -> 26651;0.796875;0.796875;0.796875;2.5
BALL;474;9620.0;0.0;-360.0;0;184983;0.796875;0.796875;0.796875;10.0
BALL;475;9660.0;0.0;-360.0;0;185421;0.796875;0.796875;0.796875;10.0
BALL;476;9640.0;0.0;-320.0;0;35565;0.796875;0.796875;0.796875;10.0
IDLINE;474;476;474;35565 -> 184983;0.796875;0.796875;0.796875;2.5
IDLINE;475;476;475;35565 -> 185421;0.796875;0.796875;0.796875;2.5
BALL;477;9700.0;0.0;-400.0;0;120762;0.796875;0.796875;0.796875;10.0
BALL;478;9740.0;0.0;-400.0;0;121076;0.796875;0.796875;0.796875;10.0
BALL;479;9720.0;0.0;-360.0;0;61613;0.796875;0.796875;0.796875;10.0
IDLINE;477;479;477;61613 -> 120762;0.796875;0.796875;0.796875;2.5
IDLINE;478;479;478;61613 -> 121076;0.796875;0.796875;0.796875;2.5
BALL;480;9780.0;0.0;-440.0;0;160553;0.796875;0.796875;0.796875;10.0
BALL;481;9820.0;0.0;-440.0;0;160844;0.796875;0.796875;0.796875;10.0
BALL;482;9800.0;0.0;-400.0;0;100010;0.796875;0.796875;0.796875;10.0
IDLINE;480;482;480;100010 -> 160553;0.796875;0.796875;0.796875;2.5
IDLINE;481;482;481;100010 -> 160844;0.796875;0.796875;0.796875;2.5
BALL;483;9860.0;0.0;-400.0;0;99817;0.796875;0.796875;0.796875;10.0
BALL;484;9830.0;0.0;-360.0;0;61575;0.796875;0.796875;0.796875;10.0
IDLINE;482;484;482;61575 -> 100010;0.796875;0.796875;0.796875;2.5
IDLINE;483;484;483;61575 -> 99817;0.796875;0.796875;0.796875;2.5
BALL;485;9775.0;0.0;-320.0;0;35484;0.796875;0.796875;0.796875;10.0
IDLINE;479;485;479;35484 -> 61613;0.796875;0.796875;0.796875;2.5
BALL;486;9707.0;0.0;-280.0;0;19058;0.796875;0.796875;0.796875;10.0
IDLINE;484;485;484;35484 -> 61575;0.796875;0.796875;0.796875;2.5
IDLINE;476;486;476;19058 -> 35565;0.796875;0.796875;0.796875;2.5
BALL;487;9475.0;0.0;-240.0;0;12614;0.796875;0.796875;0.796875;10.0
IDLINE;485;486;485;19058 -> 35484;0.796875;0.796875;0.796875;2.5
IDLINE;473;487;473;12614 -> 19125;0.796875;0.796875;0.796875;2.5
BALL;488;8560.0;0.0;-200.0;0;8993;0.796875;0.796875;0.796875;10.0
IDLINE;486;487;486;12614 -> 19058;0.796875;0.796875;0.796875;2.5
IDLINE;416;488;416;8993 -> 12632;0.796875;0.796875;0.796875;2.5
BALL;489;7680.0;0.0;-160.0;0;6019;0.796875;0.796875;0.796875;10.0
IDLINE;487;488;487;8993 -> 12614;0.796875;0.796875;0.796875;2.5
BALL;490;7050.0;0.0;-120.0;0;3641;0.796875;0.796875;0.796875;10.0
IDLINE;339;489;339;6019 -> 9035;0.796875;0.796875;0.796875;2.5
BALL;491;6300.0;0.0;-80.0;0;1641;0.796875;0.796875;0.796875;10.0
IDLINE;488;489;488;6019 -> 8993;0.796875;0.796875;0.796875;2.5
BALL;492;5481.0;0.0;-40.0;0;321;0.796875;0.796875;0.796875;10.0
IDLINE;332;490;332;3641 -> 5990;0.796875;0.796875;0.796875;2.5
BALL;493;2781.0;0.0;0.0;0;2d11;0.796875;0.796875;0.796875;10.0
IDLINE;489;490;489;3641 -> 6019;0.796875;0.796875;0.796875;2.5
IDLINE;277;491;277;1641 -> 3589;0.796875;0.796875;0.796875;2.5
IDLINE;490;491;490;1641 -> 3641;0.796875;0.796875;0.796875;2.5
IDLINE;272;492;272;321 -> 1639;0.796875;0.796875;0.796875;2.5
IDLINE;491;492;491;321 -> 1641;0.796875;0.796875;0.796875;2.5
IDLINE;9;493;9;27 -> 286;0.796875;0.796875;0.796875;2.5
IDLINE;492;493;492;27 -> 321;0.796875;0.796875;0.796875;2.5
HEADER;test1
