BALL;1;20.0;0.0;-280.0;0;168330;0.796875;0.796875;0.796875;10.0
BALL;2;60.0;0.0;-280.0;0;168662;0.796875;0.796875;0.796875;10.0
BALL;3;40.0;0.0;-240.0;0;85740;0.796875;0.796875;0.796875;10.0
IDLINE;1;3;1;85740 -> 168330;0.796875;0.796875;0.796875;2.5
IDLINE;2;3;2;85740 -> 168662;0.796875;0.796875;0.796875;2.5
BALL;4;100.0;0.0;-240.0;0;85889;0.796875;0.796875;0.796875;10.0
BALL;5;70.0;0.0;-200.0;0;43791;0.796875;0.796875;0.796875;10.0
IDLINE;3;5;3;43791 -> 85740;0.796875;0.796875;0.796875;2.5
IDLINE;4;5;4;43791 -> 85889;0.796875;0.796875;0.796875;2.5
BALL;6;140.0;0.0;-200.0;0;43934;0.796875;0.796875;0.796875;10.0
BALL;7;105.0;0.0;-160.0;0;27547;0.796875;0.796875;0.796875;10.0
IDLINE;5;7;5;27547 -> 43791;0.796875;0.796875;0.796875;2.5
IDLINE;6;7;6;27547 -> 43934;0.796875;0.796875;0.796875;2.5
BALL;8;180.0;0.0;-160.0;0;27555;0.796875;0.796875;0.796875;10.0
BALL;9;142.0;0.0;-120.0;0;14826;0.796875;0.796875;0.796875;10.0
IDLINE;7;9;7;14826 -> 27547;0.796875;0.796875;0.796875;2.5
IDLINE;8;9;8;14826 -> 27555;0.796875;0.796875;0.796875;2.5
BALL;10;220.0;0.0;-200.0;0;51123;0.796875;0.796875;0.796875;10.0
BALL;11;260.0;0.0;-240.0;0;180946;0.796875;0.796875;0.796875;10.0
BALL;12;300.0;0.0;-240.0;0;180962;0.796875;0.796875;0.796875;10.0
BALL;13;280.0;0.0;-200.0;0;51400;0.796875;0.796875;0.796875;10.0
IDLINE;11;13;11;51400 -> 180946;0.796875;0.796875;0.796875;2.5
BALL;14;250.0;0.0;-160.0;0;26797;0.796875;0.796875;0.796875;10.0
IDLINE;12;13;12;51400 -> 180962;0.796875;0.796875;0.796875;2.5
IDLINE;10;14;10;26797 -> 51123;0.796875;0.796875;0.796875;2.5
IDLINE;13;14;13;26797 -> 51400;0.796875;0.796875;0.796875;2.5
BALL;15;340.0;0.0;-200.0;0;51112;0.796875;0.796875;0.796875;10.0
BALL;16;380.0;0.0;-200.0;0;51119;0.796875;0.796875;0.796875;10.0
BALL;17;360.0;0.0;-160.0;0;26801;0.796875;0.796875;0.796875;10.0
IDLINE;15;17;15;26801 -> 51112;0.796875;0.796875;0.796875;2.5
IDLINE;16;17;16;26801 -> 51119;0.796875;0.796875;0.796875;2.5
BALL;18;305.0;0.0;-120.0;0;14830;0.796875;0.796875;0.796875;10.0
IDLINE;14;18;14;14830 -> 26797;0.796875;0.796875;0.796875;2.5
IDLINE;17;18;17;14830 -> 26801;0.796875;0.796875;0.796875;2.5
BALL;19;223.0;0.0;-80.0;0;5169;0.796875;0.796875;0.796875;10.0
IDLINE;9;19;9;5169 -> 14826;0.796875;0.796875;0.796875;2.5
IDLINE;18;19;18;5169 -> 14830;0.796875;0.796875;0.796875;2.5
BALL;20;420.0;0.0;-240.0;0;108787;0.796875;0.796875;0.796875;10.0
BALL;21;460.0;0.0;-240.0;0;108883;0.796875;0.796875;0.796875;10.0
BALL;22;440.0;0.0;-200.0;0;53444;0.796875;0.796875;0.796875;10.0
IDLINE;20;22;20;53444 -> 108787;0.796875;0.796875;0.796875;2.5
IDLINE;21;22;21;53444 -> 108883;0.796875;0.796875;0.796875;2.5
BALL;23;500.0;0.0;-240.0;0;119653;0.796875;0.796875;0.796875;10.0
BALL;24;540.0;0.0;-240.0;0;119829;0.796875;0.796875;0.796875;10.0
BALL;25;520.0;0.0;-200.0;0;53678;0.796875;0.796875;0.796875;10.0
IDLINE;23;25;23;53678 -> 119653;0.796875;0.796875;0.796875;2.5
IDLINE;24;25;24;53678 -> 119829;0.796875;0.796875;0.796875;2.5
BALL;26;480.0;0.0;-160.0;0;22944;0.796875;0.796875;0.796875;10.0
IDLINE;22;26;22;22944 -> 53444;0.796875;0.796875;0.796875;2.5
IDLINE;25;26;25;22944 -> 53678;0.796875;0.796875;0.796875;2.5
BALL;27;580.0;0.0;-320.0;0;156926;0.796875;0.796875;0.796875;10.0
BALL;28;620.0;0.0;-320.0;0;156970;0.796875;0.796875;0.796875;10.0
BALL;29;600.0;0.0;-280.0;0;93403;0.796875;0.796875;0.796875;10.0
IDLINE;27;29;27;93403 -> 156926;0.796875;0.796875;0.796875;2.5
IDLINE;28;29;28;93403 -> 156970;0.796875;0.796875;0.796875;2.5
BALL;30;660.0;0.0;-280.0;0;93495;0.796875;0.796875;0.796875;10.0
BALL;31;630.0;0.0;-240.0;0;61506;0.796875;0.796875;0.796875;10.0
IDLINE;29;31;29;61506 -> 93403;0.796875;0.796875;0.796875;2.5
IDLINE;30;31;30;61506 -> 93495;0.796875;0.796875;0.796875;2.5
BALL;32;700.0;0.0;-280.0;0;115176;0.796875;0.796875;0.796875;10.0
BALL;33;740.0;0.0;-280.0;0;115589;0.796875;0.796875;0.796875;10.0
BALL;34;720.0;0.0;-240.0;0;61518;0.796875;0.796875;0.796875;10.0
IDLINE;32;34;32;61518 -> 115176;0.796875;0.796875;0.796875;2.5
IDLINE;33;34;33;61518 -> 115589;0.796875;0.796875;0.796875;2.5
BALL;35;675.0;0.0;-200.0;0;38287;0.796875;0.796875;0.796875;10.0
IDLINE;31;35;31;38287 -> 61506;0.796875;0.796875;0.796875;2.5
BALL;36;780.0;0.0;-240.0;0;79577;0.796875;0.796875;0.796875;10.0
IDLINE;34;35;34;38287 -> 61518;0.796875;0.796875;0.796875;2.5
IDLINE;36;38;36;38166 -> 79577;0.796875;0.796875;0.796875;2.5
BALL;37;820.0;0.0;-240.0;0;79786;0.796875;0.796875;0.796875;10.0
BALL;38;800.0;0.0;-200.0;0;38166;0.796875;0.796875;0.796875;10.0
IDLINE;37;38;37;38166 -> 79786;0.796875;0.796875;0.796875;2.5
BALL;39;737.0;0.0;-160.0;0;22933;0.796875;0.796875;0.796875;10.0
BALL;40;608.0;0.0;-120.0;0;12906;0.796875;0.796875;0.796875;10.0
IDLINE;35;39;35;22933 -> 38287;0.796875;0.796875;0.796875;2.5
BALL;41;860.0;0.0;-120.0;0;12872;0.796875;0.796875;0.796875;10.0
BALL;42;734.0;0.0;-80.0;0;5177;0.796875;0.796875;0.796875;10.0
IDLINE;38;39;38;22933 -> 38166;0.796875;0.796875;0.796875;2.5
BALL;43;478.0;0.0;-40.0;0;1878;0.796875;0.796875;0.796875;10.0
BALL;44;900.0;0.0;-160.0;0;141354;0.796875;0.796875;0.796875;10.0
IDLINE;26;40;26;12906 -> 22944;0.796875;0.796875;0.796875;2.5
BALL;45;940.0;0.0;-160.0;0;141437;0.796875;0.796875;0.796875;10.0
BALL;46;920.0;0.0;-120.0;0;55048;0.796875;0.796875;0.796875;10.0
IDLINE;39;40;39;12906 -> 22933;0.796875;0.796875;0.796875;2.5
BALL;47;980.0;0.0;-120.0;0;55052;0.796875;0.796875;0.796875;10.0
BALL;48;950.0;0.0;-80.0;0;21865;0.796875;0.796875;0.796875;10.0
IDLINE;40;42;40;5177 -> 12906;0.796875;0.796875;0.796875;2.5
BALL;49;1020.0;0.0;-80.0;0;21974;0.796875;0.796875;0.796875;10.0
BALL;50;985.0;0.0;-40.0;0;1881;0.796875;0.796875;0.796875;10.0
IDLINE;41;42;41;5177 -> 12872;0.796875;0.796875;0.796875;2.5
BALL;51;731.0;0.0;0.0;0;2d12;0.796875;0.796875;0.796875;10.0
IDLINE;19;43;19;1878 -> 5169;0.796875;0.796875;0.796875;2.5
IDLINE;42;43;42;1878 -> 5177;0.796875;0.796875;0.796875;2.5
HEADER;test1
IDLINE;44;46;44;55048 -> 141354;0.796875;0.796875;0.796875;2.5
IDLINE;45;46;45;55048 -> 141437;0.796875;0.796875;0.796875;2.5
IDLINE;46;48;46;21865 -> 55048;0.796875;0.796875;0.796875;2.5
IDLINE;47;48;47;21865 -> 55052;0.796875;0.796875;0.796875;2.5
IDLINE;48;50;48;1881 -> 21865;0.796875;0.796875;0.796875;2.5
IDLINE;49;50;49;1881 -> 21974;0.796875;0.796875;0.796875;2.5
IDLINE;43;51;43;31 -> 1878;0.796875;0.796875;0.796875;2.5
IDLINE;50;51;50;31 -> 1881;0.796875;0.796875;0.796875;2.5
