IDLINE;1;3;1;1878 -> 5169;0.796875;0.796875;0.796875;2.5
BALL;1;20.0;0.0;-80.0;0;5169;0.796875;0.796875;0.796875;10.0
IDLINE;2;3;2;1878 -> 5177;0.796875;0.796875;0.796875;2.5
BALL;2;60.0;0.0;-80.0;0;5177;0.796875;0.796875;0.796875;10.0
IDLINE;3;5;3;524 -> 1878;0.796875;0.796875;0.796875;2.5
BALL;3;40.0;0.0;-40.0;0;1878;0.796875;0.796875;0.796875;10.0
IDLINE;4;5;4;524 -> 1881;0.796875;0.796875;0.796875;2.5
BALL;4;100.0;0.0;-40.0;0;1881;0.796875;0.796875;0.796875;10.0
BALL;5;70.0;0.0;0.0;0;524;0.796875;0.796875;0.796875;10.0
HEADER;test1
